0.0000000000 0.0181089938 0.0114255030 0.0152340040 0.3732330972 0.0060363313 0.0000000000 0.0000000000 0.0457020119 0.0000000000 0.0000000000 0.0000000000 0.0495105129 0.0000000000 0.0000000000 0.0000000000 0.0114255030 0.0000000000 0.0266595069 
0.0000000000 0.0039661093 0.0025023364 0.0100093456 0.3878621407 0.0000000000 0.0000000000 0.0000000000 0.0025023364 0.0000000000 0.0000000000 0.0000000000 0.0375350459 0.0000000000 0.0000000000 0.0000000000 0.0275257003 0.0000000000 0.0500467278 
0.0000000000 0.0149132890 0.0062728252 0.0062728252 0.3136412582 0.0000000000 0.0000000000 0.0000000000 0.0156820629 0.0000000000 0.0000000000 0.0108502049 0.0376369510 0.0000000000 0.0000000000 0.0000000000 0.0658646642 0.0000000000 0.0846831397 
0.0000000000 0.0051578042 0.0097626363 0.0065084242 0.1334226967 0.0051578042 0.0000000000 0.0000000000 0.0000000000 0.0000000000 0.0000000000 0.0112577243 0.0325421212 0.0000000000 0.0000000000 0.0000000000 0.0748468787 0.0254277014 0.0650842423 
0.0000000000 0.0181289157 0.0137256867 0.0114380723 0.1784339277 0.0072515663 0.0000000000 0.0000000000 0.0045752289 0.0000000000 0.0000000000 0.0000000000 0.0274513735 0.0000000000 0.0000000000 0.0000000000 0.0251637590 0.0089374594 0.0777788915 
0.0000000000 0.0183102048 0.0086643398 0.0115524530 0.3667903830 0.0091551024 0.0000000000 0.0000000000 0.0086643398 0.0000000000 0.0000000000 0.0000000000 0.0231049060 0.0000000000 0.0000000000 0.0000000000 0.0404335855 0.0000000000 0.0519860385 
0.0000000000 0.0813786880 0.0000000000 0.0256721178 0.0256721178 0.0000000000 0.0000000000 0.0000000000 0.0000000000 0.0000000000 0.0000000000 0.0000000000 0.0256721178 0.0000000000 0.0000000000 0.0000000000 0.0000000000 0.0000000000 0.1283605890 
0.0000000000 0.0000000000 0.0000000000 0.0000000000 0.0000000000 0.0000000000 0.0000000000 0.0000000000 0.0000000000 0.0000000000 0.0000000000 0.0000000000 0.0000000000 0.0000000000 0.0000000000 0.0000000000 0.0000000000 0.0000000000 0.1980420516 
0.0000000000 0.0000000000 0.0000000000 0.0000000000 0.0000000000 0.0000000000 0.0000000000 0.0000000000 0.0000000000 0.0000000000 0.0000000000 0.0000000000 0.0000000000 0.0000000000 0.0000000000 0.0000000000 0.0000000000 0.0000000000 0.0000000000 
0.0000000000 0.0000000000 0.0000000000 0.0000000000 0.0000000000 0.0000000000 0.0000000000 0.0000000000 0.0000000000 0.0000000000 0.0000000000 0.0000000000 0.0000000000 0.0000000000 0.0000000000 0.0000000000 0.0000000000 0.0000000000 0.0000000000 
0.0000000000 0.0000000000 0.0000000000 0.2772588722 0.0000000000 0.0000000000 0.0000000000 0.0000000000 0.0000000000 0.0000000000 0.0000000000 0.0000000000 0.0000000000 0.0000000000 0.0000000000 0.0000000000 0.0000000000 0.0000000000 0.1386294361 
0.0000000000 0.0207285337 0.0065391243 0.0065391243 0.3596518390 0.0000000000 0.0000000000 0.0000000000 0.0065391243 0.0000000000 0.0000000000 0.0000000000 0.0261564974 0.0000000000 0.0000000000 0.0000000000 0.0457738704 0.0000000000 0.0392347461 
0.0000000000 0.0143609449 0.0090607475 0.0113259343 0.2854135449 0.0071804725 0.0000000000 0.0000000000 0.0045303737 0.0000000000 0.0000000000 0.0000000000 0.0181214949 0.0000000000 0.0000000000 0.0000000000 0.0317126161 0.0000000000 0.0407733636 
0.0000000000 0.0162757376 0.0154032707 0.0308065414 0.0308065414 0.0000000000 0.0000000000 0.0000000000 0.0000000000 0.0000000000 0.0000000000 0.0000000000 0.0205376942 0.0000000000 0.0000000000 0.0000000000 0.0359409649 0.0000000000 0.0718819298 
0.0000000000 0.0106661387 0.0067295843 0.0134591686 0.2759129554 0.0106661387 0.0000000000 0.0000000000 0.0336479214 0.0000000000 0.0000000000 0.0232805366 0.0672958428 0.0000000000 0.0000000000 0.0000000000 0.0471070899 0.0000000000 0.0942141799 
0.0000000000 0.0000000000 0.0105022300 0.0105022300 0.0630133801 0.0166456407 0.0000000000 0.0000000000 0.0210044600 0.0000000000 0.0000000000 0.0000000000 0.1365289901 0.0000000000 0.0000000000 0.0000000000 0.0735156101 0.0000000000 0.1470312201 
0.0000000000 0.0000000000 0.0342294904 0.0085573726 0.0000000000 0.0000000000 0.0000000000 0.0000000000 0.0855737260 0.0000000000 0.0000000000 0.0000000000 0.0085573726 0.0000000000 0.0000000000 0.0000000000 0.0000000000 0.0000000000 0.0085573726 
0.0000000000 0.0000000000 0.0177730046 0.0000000000 0.0000000000 0.0000000000 0.0000000000 0.0000000000 0.0710920185 0.0000000000 0.0000000000 0.0000000000 0.0088865023 0.0000000000 0.0000000000 0.0000000000 0.0000000000 0.0000000000 0.0088865023 
0.0000000000 0.0000000000 0.0085573726 0.0085573726 0.0171147452 0.0000000000 0.0000000000 0.0000000000 0.0684589808 0.0000000000 0.0000000000 0.0000000000 0.0000000000 0.0000000000 0.0000000000 0.0000000000 0.0342294904 0.0000000000 0.0000000000 
0.0000000000 0.0000000000 0.0000000000 0.0447191729 0.0447191729 0.0000000000 0.0000000000 0.0000000000 0.0000000000 0.0000000000 0.0000000000 0.0000000000 0.0000000000 0.0000000000 0.0000000000 0.0000000000 0.0894383459 0.0000000000 0.0000000000 
0.0000000000 0.0610340160 0.0000000000 0.0000000000 0.0385081767 0.1831020481 0.0000000000 0.0000000000 0.0000000000 0.0000000000 0.0000000000 0.0000000000 0.0385081767 0.0000000000 0.0000000000 0.0000000000 0.0000000000 0.0000000000 0.0000000000 
0.0000000000 0.0000000000 0.1732867951 0.0000000000 0.0000000000 0.0000000000 0.0000000000 0.0000000000 0.0000000000 0.0000000000 0.0000000000 0.0000000000 0.0000000000 0.0000000000 0.0000000000 0.0000000000 0.0000000000 0.0000000000 0.0000000000 
0.0000000000 0.0000000000 0.0277258872 0.0554517744 0.0000000000 0.0439444915 0.0000000000 0.0000000000 0.1109035489 0.0000000000 0.0000000000 0.0000000000 0.1663553233 0.0000000000 0.0000000000 0.0000000000 0.1386294361 0.0000000000 0.0000000000 
0.0000000000 0.0000000000 0.0000000000 0.0378080280 0.0126026760 0.0199747689 0.0000000000 0.0000000000 0.0630133801 0.0000000000 0.0000000000 0.0000000000 0.1638347881 0.0000000000 0.0000000000 0.0000000000 0.1386294361 0.0000000000 0.0126026760 
0.0000000000 0.0000000000 0.0000000000 0.0358524404 0.0119508135 0.0189415912 0.0000000000 0.0000000000 0.0597540673 0.0000000000 0.0000000000 0.0000000000 0.1434097615 0.0000000000 0.0000000000 0.0000000000 0.1314589480 0.0000000000 0.0000000000 
0.0000000000 0.0000000000 0.0729628611 0.0000000000 0.0000000000 0.0578216994 0.0000000000 0.0000000000 0.0729628611 0.0000000000 0.0000000000 0.0000000000 0.0364814306 0.0000000000 0.0000000000 0.0000000000 0.0000000000 0.0000000000 0.1094442917 
0.0000000000 0.0000000000 0.0000000000 0.0000000000 0.0000000000 0.0000000000 0.0000000000 0.0000000000 0.0000000000 0.0000000000 0.0000000000 0.0000000000 0.0000000000 0.0000000000 0.0000000000 0.0000000000 0.0000000000 0.0000000000 0.0000000000 
0.0000000000 0.0000000000 0.0000000000 0.0000000000 0.0000000000 0.0000000000 0.0000000000 0.0000000000 0.0000000000 0.0000000000 0.0000000000 0.0000000000 0.0000000000 0.0000000000 0.0000000000 0.0000000000 0.0000000000 0.0000000000 0.0000000000 
0.0000000000 0.0000000000 0.0000000000 0.0000000000 0.0000000000 0.0000000000 0.0000000000 0.0000000000 0.0000000000 0.0000000000 0.0000000000 0.0000000000 0.0000000000 0.0000000000 0.0000000000 0.0000000000 0.0000000000 0.0000000000 0.0000000000 
0.0000000000 0.0000000000 0.0000000000 0.0000000000 0.0000000000 0.0000000000 0.0000000000 0.0000000000 0.0000000000 0.0000000000 0.0000000000 0.0000000000 0.0000000000 0.0000000000 0.0000000000 0.0000000000 0.0000000000 0.0000000000 0.0000000000 
0.0000000000 0.0000000000 0.0000000000 0.0000000000 0.0000000000 0.0000000000 0.0000000000 0.0000000000 0.0000000000 0.0000000000 0.0000000000 0.0000000000 0.0000000000 0.0000000000 0.0000000000 0.0000000000 0.0000000000 0.0000000000 0.0000000000 
0.0000000000 0.0000000000 0.1386294361 0.0000000000 0.0000000000 0.0000000000 0.0000000000 0.0000000000 0.2772588722 0.0000000000 0.0000000000 0.0000000000 0.0000000000 0.0000000000 0.0000000000 0.0000000000 0.0000000000 0.0000000000 0.0000000000 
0.0000000000 0.0000000000 0.0000000000 0.0000000000 0.0000000000 0.0000000000 0.0000000000 0.0000000000 0.0000000000 0.0000000000 0.0000000000 0.0000000000 0.0000000000 0.0000000000 0.0000000000 0.0000000000 0.0000000000 0.0000000000 0.0000000000 
0.0000000000 0.0000000000 0.0000000000 0.0000000000 0.0000000000 0.0000000000 0.0000000000 0.0000000000 0.0000000000 0.0000000000 0.0000000000 0.0000000000 0.0000000000 0.0000000000 0.0000000000 0.0000000000 0.0000000000 0.0000000000 0.0000000000 
0.0000000000 0.0000000000 0.0000000000 0.0000000000 0.0000000000 0.0000000000 0.0000000000 0.0000000000 0.0000000000 0.0000000000 0.0000000000 0.0000000000 0.0000000000 0.0000000000 0.0000000000 0.0000000000 0.0000000000 0.0000000000 0.0000000000 
0.0000000000 0.0000000000 0.0000000000 0.0000000000 0.0000000000 0.0000000000 0.0000000000 0.0000000000 0.0000000000 0.0000000000 0.0000000000 0.0000000000 0.0000000000 0.0000000000 0.0000000000 0.0000000000 0.0000000000 0.0000000000 0.0000000000 
0.0000000000 0.0000000000 0.0000000000 0.0000000000 0.0000000000 0.0000000000 0.0000000000 0.0000000000 0.0000000000 0.0000000000 0.0000000000 0.0000000000 0.0000000000 0.0000000000 0.0000000000 0.0000000000 0.0000000000 0.0000000000 0.0000000000 
0.0000000000 0.0000000000 0.0000000000 0.0000000000 0.0000000000 0.0000000000 0.0000000000 0.0000000000 0.0000000000 0.0000000000 0.0000000000 0.0000000000 0.0000000000 0.0000000000 0.0000000000 0.0000000000 0.0000000000 0.0000000000 0.0000000000 
0.0000000000 0.0000000000 0.0000000000 0.0000000000 0.0000000000 0.0000000000 0.0000000000 0.0000000000 0.0000000000 0.0000000000 0.0000000000 0.0000000000 0.0000000000 0.0000000000 0.0000000000 0.0000000000 0.0000000000 0.0000000000 0.0000000000 
0.0000000000 0.0000000000 0.0000000000 0.0000000000 0.0000000000 0.0000000000 0.0000000000 0.0000000000 0.0000000000 0.0000000000 0.0000000000 0.0000000000 0.0000000000 0.0000000000 0.0000000000 0.0000000000 0.0000000000 0.0000000000 0.0000000000 
0.0000000000 0.0000000000 0.0693147181 0.0000000000 0.0000000000 0.0000000000 0.0000000000 0.0000000000 0.1386294361 0.0000000000 0.0000000000 0.0000000000 0.0000000000 0.0000000000 0.0000000000 0.0000000000 0.0000000000 0.0000000000 0.0000000000 
0.0000000000 0.0000000000 0.1386294361 0.0000000000 0.0000000000 0.0000000000 0.0000000000 0.0000000000 0.2772588722 0.0000000000 0.0000000000 0.0000000000 0.0000000000 0.0000000000 0.0000000000 0.0000000000 0.0000000000 0.0000000000 0.0000000000 
0.0000000000 0.0000000000 0.1386294361 0.0000000000 0.0000000000 0.0000000000 0.0000000000 0.0000000000 0.2772588722 0.0000000000 0.0000000000 0.0000000000 0.0000000000 0.0000000000 0.0000000000 0.0000000000 0.0000000000 0.0000000000 0.0000000000 
0.0000000000 0.0000000000 0.0000000000 0.0000000000 0.0000000000 0.0000000000 0.0000000000 0.0000000000 0.0000000000 0.0000000000 0.0000000000 0.0000000000 0.0693147181 0.0000000000 0.0000000000 0.0000000000 0.0000000000 0.0000000000 0.0000000000 
0.0000000000 0.0000000000 0.0000000000 0.0000000000 0.0000000000 0.0000000000 0.0000000000 0.0000000000 0.0000000000 0.0000000000 0.0000000000 0.0000000000 0.1155245301 0.0000000000 0.0000000000 0.0000000000 0.0000000000 0.0000000000 0.0000000000 
