10 3 3 4 98 1 6 0 12 0 0 0 13 6 16 0 3 0 7 182 
13 1 1 4 155 0 8 0 1 0 0 0 15 0 48 0 11 0 20 277 
18 3 2 2 100 0 15 0 5 0 0 1 12 1 14 0 21 0 27 221 
14 1 3 2 41 1 13 0 0 0 0 1 10 5 77 0 23 2 20 213 
10 5 6 5 78 2 12 0 2 0 0 0 12 23 102 0 11 1 34 303 
14 4 3 4 127 2 13 0 3 0 0 0 8 16 14 0 14 0 18 240 
6 2 0 1 1 0 5 0 0 0 0 0 1 2 4 0 0 0 5 27 
2 0 0 0 0 0 1 0 0 0 0 0 0 2 0 0 0 0 2 7 
1 0 0 0 0 0 0 0 0 0 0 0 0 1 0 0 0 0 0 2 
1 0 0 0 0 0 0 0 0 0 0 0 0 0 0 0 0 0 0 1 
1 0 0 2 0 0 1 0 0 0 0 0 0 0 0 0 0 0 1 5 
9 2 1 1 55 0 9 0 1 0 0 0 4 7 4 0 7 0 6 106 
19 4 4 5 126 2 14 0 2 0 0 0 8 14 76 0 14 0 18 306 
10 2 3 6 6 0 7 0 0 0 0 0 4 4 72 0 7 0 14 135 
3 1 1 2 41 1 7 0 5 0 0 1 10 4 6 0 7 0 14 103 
3 0 1 1 6 1 3 0 2 0 0 0 13 3 12 0 7 0 14 66 
4 0 4 1 0 0 0 0 10 0 0 0 1 56 4 0 0 0 1 81 
2 0 2 0 0 0 0 0 8 0 0 0 1 64 0 0 0 0 1 78 
14 0 1 1 2 0 2 0 8 0 0 0 0 48 1 0 4 0 0 81 
10 0 0 2 2 0 4 0 0 0 0 0 0 8 1 0 4 0 0 31 
2 1 0 0 1 3 2 0 0 0 0 0 1 5 3 0 0 0 0 18 
1 0 1 0 0 0 0 0 0 0 0 0 0 2 0 0 0 0 0 4 
0 0 1 2 0 1 0 0 4 0 0 0 6 2 4 0 5 0 0 25 
3 0 0 3 1 1 2 0 5 0 0 0 13 5 10 0 11 0 1 55 
2 0 0 3 1 1 2 0 5 0 0 0 12 11 10 0 11 0 0 58 
1 0 2 0 0 1 2 0 2 0 0 0 1 1 6 0 0 0 3 19 
0 0 0 0 0 0 1 0 0 0 0 0 0 1 0 0 0 0 0 2 
1 0 0 0 0 0 1 0 0 0 0 0 0 1 0 0 0 0 0 3 
1 0 0 0 0 0 1 0 0 0 0 0 0 1 0 0 0 0 0 3 
2 0 0 0 0 0 1 0 0 0 0 0 0 2 0 0 0 0 0 5 
0 0 0 0 0 0 1 0 0 0 0 0 0 1 0 0 0 0 0 2 
0 0 1 0 0 0 1 0 2 0 0 0 0 1 0 0 0 0 0 5 
1 0 0 0 0 0 0 0 0 0 0 0 0 7 0 0 0 0 0 8 
1 0 0 0 0 0 0 0 0 0 0 0 0 7 0 0 0 0 0 8 
0 0 0 0 0 0 0 0 0 0 0 0 0 1 0 0 0 0 0 1 
0 0 0 0 0 0 0 0 0 0 0 0 0 1 0 0 0 0 0 1 
1 0 0 0 0 0 0 0 0 0 0 0 0 8 0 0 0 0 0 9 
0 0 0 0 0 0 0 0 0 0 0 0 0 1 0 0 0 0 0 1 
0 0 0 0 0 0 0 0 0 0 0 0 0 1 0 0 0 0 0 1 
1 0 0 0 0 0 0 0 0 0 0 0 0 11 0 0 0 0 0 12 
0 0 1 0 0 0 0 0 2 0 0 0 0 7 0 0 0 0 0 10 
0 0 1 0 0 0 1 0 2 0 0 0 0 1 0 0 0 0 0 5 
0 0 1 0 0 0 1 0 2 0 0 0 0 1 0 0 0 0 0 5 
3 0 0 0 0 0 3 0 0 0 0 0 1 1 2 0 0 0 0 10 
2 0 0 0 0 0 1 0 0 0 0 0 1 1 1 0 0 0 0 6 
