0 39.984702 116.318417 0 56
1 39.984683 116.31845 0 56
2 39.984686 116.318417 0 56
3 39.984688 116.318385 0 56
4 39.984655 116.318263 0 56
5 39.984611 116.318026 0 56
6 39.984608 116.317761 0 56
7 39.984563 116.317517 0 56
8 39.984539 116.317294 0 56
9 39.984606 116.317065 0 56
10 39.984568 116.316911 0 56
11 39.984586 116.316716 0 56
12 39.984561 116.316527 1 55
13 39.984536 116.316354 1 55
14 39.984523 116.316188 1 55
15 39.984516 116.315963 1 55
16 39.984523 116.315823 1 55
17 39.984574 116.315611 1 55
18 39.984568 116.315407 1 55
19 39.984538 116.315148 1 55
20 39.984501 116.314907 1 55
21 39.984532 116.314808 1 55
22 39.984504 116.314625 1 55
23 39.984485 116.314426 1 55
24 39.984427 116.31424 -1 0
25 39.984485 116.314042 -1 0
26 39.98448 116.313818 -1 0
27 39.984501 116.313659 -1 0
28 39.984618 116.314323 -1 0
29 39.984649 116.314107 -1 0
30 39.984621 116.313941 -1 0
31 39.984655 116.313724 2 65
32 39.984681 116.313521 2 65
33 39.984708 116.313311 2 65
34 39.984708 116.313099 2 65
35 39.984696 116.312921 2 65
36 39.984677 116.312746 2 65
37 39.984682 116.312525 2 65
38 39.984649 116.312332 2 65
39 39.984641 116.312123 2 65
40 39.984647 116.311917 2 65
41 39.984654 116.31172 2 65
42 39.984631 116.311569 2 65
43 39.984647 116.31138 2 65
44 39.984653 116.311189 2 65
45 39.984628 116.311026 -1 0
46 39.984652 116.310854 -1 0
47 39.984656 116.31066 -1 0
48 39.984616 116.310534 -1 0
49 39.984676 116.31033 -1 0
50 39.984698 116.310063 -1 0
51 39.984696 116.309937 -1 0
52 39.984663 116.309851 -1 0
53 39.984598 116.309749 -1 0
54 39.98454 116.309656 3 75
55 39.984525 116.309503 3 75
56 39.984498 116.309348 3 75
57 39.984481 116.309173 3 75
58 39.984489 116.308993 3 75
59 39.98447 116.308827 3 75
60 39.98449 116.308638 3 75
61 39.98449 116.308485 3 75
62 39.984494 116.308351 3 75
63 39.984499 116.308201 3 75
64 39.984484 116.308049 3 75
65 39.984491 116.307902 3 75
66 39.984499 116.307809 3 75
67 39.984472 116.307687 3 75
68 39.984493 116.307548 3 75
69 39.984488 116.307434 3 75
70 39.984427 116.307292 4 60
71 39.984428 116.307126 4 60
72 39.984432 116.306943 4 60
73 39.984425 116.306801 4 60
74 39.984438 116.306633 4 60
75 39.984462 116.306486 4 60
76 39.984466 116.3063 4 60
77 39.984456 116.306047 4 60
78 39.984454 116.305854 4 60
79 39.984412 116.305682 4 60
80 39.98441 116.305466 4 60
81 39.984406 116.305281 4 60
82 39.984393 116.305023 4 60
83 39.984356 116.304909 5 50
84 39.984352 116.304704 5 50
85 39.984338 116.304543 5 50
86 39.984338 116.304315 5 50
87 39.984349 116.304083 5 50
88 39.984368 116.303934 5 50
89 39.984437 116.303813 5 50
90 39.984429 116.303672 5 50
91 39.984342 116.303444 5 50
92 39.984365 116.303298 5 50
93 39.984368 116.303132 5 50
94 39.984385 116.30292 6 55
95 39.98438 116.302754 6 55
96 39.984346 116.302601 6 55
97 39.984303 116.302457 6 55
98 39.984344 116.302271 6 55
99 39.984341 116.302094 6 55
100 39.984359 116.301888 6 55
101 39.984379 116.301693 6 55
102 39.984345 116.3015 6 55
103 39.984345 116.301309 6 55
104 39.984338 116.301107 6 55
105 39.984344 116.300877 6 55
106 39.984278 116.300674 7 55
107 39.984276 116.300462 7 55
108 39.984278 116.300307 7 55
109 39.984252 116.300156 7 55
110 39.984288 116.299943 7 55
111 39.984283 116.29981 7 55
112 39.984335 116.299744 7 55
113 39.984312 116.299703 7 55
114 39.984177 116.299699 7 55
115 39.98414 116.299697 7 55
116 39.984204 116.299721 7 55
117 39.984258 116.299736 7 55
118 39.984031 116.299573 8 60
119 39.98379 116.299578 8 60
120 39.983726 116.299566 8 60
121 39.983692 116.299496 8 60
122 39.983685 116.299476 8 60
123 39.983639 116.299425 8 60
124 39.983629 116.299353 8 60
125 39.983641 116.299279 8 60
126 39.983557 116.299235 8 60
127 39.983509 116.299238 8 60
128 39.983413 116.299267 8 60
129 39.983353 116.299305 8 60
130 39.983337 116.299321 8 60
131 39.9833 116.299314 9 65
132 39.9833 116.299314 9 65
133 39.983304 116.299307 9 65
134 39.983279 116.299311 9 65
135 39.983302 116.299302 9 65
136 39.983276 116.299265 9 65
137 39.983322 116.299191 9 65
138 39.983403 116.299147 9 65
139 39.983548 116.299083 9 65
140 39.983675 116.299031 9 65
141 39.983663 116.298932 9 65
142 39.983533 116.298903 9 65
143 39.98359 116.298869 9 65
144 39.983723 116.298825 9 65
145 39.983902 116.298773 9 65
146 39.984045 116.298725 -1 0
147 39.984019 116.298663 -1 0
148 39.995777 116.286798 -1 0
149 39.996832 116.285446 -1 0
150 39.984397 116.299292 -1 0
151 39.984426 116.299329 -1 0
152 39.984499 116.299413 10 145
153 39.984424 116.299467 10 145
154 39.98441 116.299477 10 145
155 39.984421 116.299569 10 145
156 39.984518 116.29953 10 145
157 39.984488 116.299645 10 145
158 39.98454 116.299523 10 145
159 39.98446 116.299528 10 145
160 39.984463 116.299508 10 145
161 39.984501 116.299473 10 145
162 39.984532 116.299451 10 145
163 39.984532 116.299451 10 145
164 39.984527 116.299451 10 145
165 39.984517 116.299447 10 145
166 39.984509 116.299438 10 145
167 39.984497 116.299411 10 145
168 39.984499 116.299405 10 145
169 39.984498 116.299407 10 145
170 39.984498 116.299407 10 145
171 39.984493 116.299412 10 145
172 39.984498 116.299466 10 145
173 39.984546 116.29941 10 145
174 39.984638 116.299318 10 145
175 39.98473 116.299315 10 145
176 39.984753 116.299305 10 145
177 39.984789 116.299297 10 145
178 39.984795 116.299391 10 145
179 39.984778 116.299504 10 145
180 39.984743 116.299617 10 145
181 39.984671 116.299625 10 145
182 39.984694 116.299536 10 145
183 39.984733 116.29952 10 145
184 39.983841 116.299902 -1 0
185 39.983861 116.300177 -1 0
186 39.983842 116.300329 -1 0
187 39.983984 116.300308 -1 0
188 39.984126 116.300188 -1 0
189 39.984246 116.300058 -1 0
190 39.984373 116.300019 -1 0
191 39.984533 116.300043 -1 0
192 39.984723 116.300058 -1 0
193 39.984789 116.300151 -1 0
194 39.984837 116.300216 -1 0
195 39.984859 116.300332 -1 0
196 39.984888 116.300514 -1 0
197 39.984896 116.300689 11 85
198 39.984905 116.300885 11 85
199 39.984911 116.301049 11 85
200 39.984925 116.301221 11 85
201 39.98493 116.301391 11 85
202 39.984938 116.301568 11 85
203 39.984948 116.301741 11 85
204 39.984945 116.301915 11 85
205 39.984953 116.302055 11 85
206 39.984953 116.302264 11 85
207 39.98496 116.302488 11 85
208 39.984973 116.302679 11 85
209 39.984983 116.30286 11 85
210 39.985009 116.303037 11 85
211 39.985043 116.303258 11 85
212 39.98503 116.303496 11 85
213 39.985039 116.303685 11 85
214 39.985028 116.303884 11 85
215 39.984993 116.304067 12 60
216 39.985027 116.304163 12 60
217 39.985038 116.30426 12 60
218 39.985042 116.304459 12 60
219 39.985029 116.304647 12 60
220 39.985023 116.304811 12 60
221 39.985031 116.304927 12 60
222 39.985082 116.305192 12 60
223 39.985105 116.305348 12 60
224 39.985132 116.305499 12 60
225 39.985169 116.305649 12 60
226 39.985135 116.305834 12 60
227 39.985146 116.305984 12 60
228 39.985131 116.306178 13 60
229 39.985127 116.306363 13 60
230 39.985135 116.306531 13 60
231 39.985157 116.306711 13 60
232 39.98517 116.306893 13 60
233 39.985154 116.307092 13 60
234 39.985184 116.307341 13 60
235 39.98521 116.30751 13 60
236 39.985231 116.307633 13 60
237 39.98526 116.307735 13 60
238 39.98524 116.307933 13 60
239 39.985225 116.308133 13 60
240 39.985256 116.308313 13 60
241 39.985218 116.308579 -1 0
242 39.985201 116.308774 -1 0
243 39.985203 116.30898 -1 0
244 39.985221 116.309152 -1 0
245 39.985194 116.30931 -1 0
246 39.985161 116.309494 -1 0
247 39.98519 116.309701 -1 0
248 39.985202 116.309888 -1 0
249 39.985282 116.30998 -1 0
250 39.985443 116.30998 14 50
251 39.985579 116.309969 14 50
252 39.985721 116.309961 14 50
253 39.98584 116.309941 14 50
254 39.98595 116.309978 14 50
255 39.986051 116.310034 14 50
256 39.986174 116.310025 14 50
257 39.986305 116.309956 14 50
258 39.986461 116.309885 14 50
259 39.986611 116.309862 14 50
260 39.986697 116.309893 14 50
261 39.986793 116.309956 15 50
262 39.986929 116.309974 15 50
263 39.987073 116.309987 15 50
264 39.987211 116.310004 15 50
265 39.987325 116.31007 15 50
266 39.987458 116.310084 15 50
267 39.987591 116.310088 15 50
268 39.987747 116.310049 15 50
269 39.987884 116.310027 15 50
270 39.988008 116.310059 15 50
271 39.988111 116.310052 15 50
272 39.988293 116.309902 -1 0
273 39.988397 116.309931 -1 0
274 39.988553 116.309866 -1 0
275 39.988679 116.309824 -1 0
276 39.988772 116.309784 -1 0
277 39.988901 116.309793 -1 0
278 39.989029 116.309833 -1 0
279 39.989173 116.309866 -1 0
280 39.989287 116.309905 -1 0
281 39.989392 116.309949 -1 0
282 39.989519 116.310031 -1 0
283 39.989628 116.310049 -1 0
284 39.989762 116.310024 -1 0
285 39.989838 116.310098 -1 0
286 39.989981 116.310115 -1 0
287 39.990089 116.310169 -1 0
288 39.990219 116.310215 -1 0
289 39.990325 116.310258 -1 0
290 39.990406 116.310277 -1 0
291 39.99056 116.31019 -1 0
292 39.99065 116.310134 16 95
293 39.990693 116.310114 16 95
294 39.990696 116.310111 16 95
295 39.990698 116.310105 16 95
296 39.990698 116.310103 16 95
297 39.990696 116.310101 16 95
298 39.990695 116.310095 16 95
299 39.990692 116.310092 16 95
300 39.99069 116.31009 16 95
301 39.990689 116.310088 16 95
302 39.990689 116.310087 16 95
303 39.990689 116.310087 16 95
304 39.990696 116.31009 16 95
305 39.990743 116.310066 16 95
306 39.990793 116.310109 16 95
307 39.990837 116.310205 16 95
308 39.990873 116.310318 16 95
309 39.990887 116.310479 16 95
310 39.990874 116.310657 16 95
311 39.990906 116.310827 16 95
312 39.990921 116.310971 16 95
313 39.990933 116.311149 17 55
314 39.990969 116.311312 17 55
315 39.990994 116.311507 17 55
316 39.991014 116.311693 17 55
317 39.99101 116.311915 17 55
318 39.991033 116.312107 17 55
319 39.991055 116.312282 17 55
320 39.991058 116.312473 17 55
321 39.991032 116.312666 17 55
322 39.991024 116.312853 17 55
323 39.991022 116.313047 17 55
324 39.991018 116.313244 17 55
325 39.991016 116.313469 18 75
326 39.991035 116.313681 18 75
327 39.991063 116.31384 18 75
328 39.991072 116.31403 18 75
329 39.991068 116.314209 18 75
330 39.991095 116.314385 18 75
331 39.991113 116.314596 18 75
332 39.991128 116.314797 18 75
333 39.991127 116.315003 18 75
334 39.991148 116.315193 18 75
335 39.991176 116.315342 18 75
336 39.991215 116.315529 18 75
337 39.991209 116.315643 18 75
338 39.991191 116.31579 18 75
339 39.991188 116.315958 18 75
340 39.991189 116.316172 18 75
341 39.991186 116.316381 19 55
342 39.991194 116.316575 19 55
343 39.991208 116.316756 19 55
344 39.99122 116.316999 19 55
345 39.991197 116.317235 19 55
346 39.991183 116.317452 19 55
347 39.991164 116.317661 19 55
348 39.991187 116.317874 19 55
349 39.991179 116.318083 19 55
350 39.991132 116.318231 19 55
351 39.991169 116.31848 19 55
352 39.991183 116.318691 19 55
353 39.991204 116.318904 20 65
354 39.991201 116.319098 20 65
355 39.991194 116.319315 20 65
356 39.991187 116.31949 20 65
357 39.991206 116.319683 20 65
358 39.991239 116.319866 20 65
359 39.991258 116.320062 20 65
360 39.991282 116.320255 20 65
361 39.991288 116.320445 20 65
362 39.991308 116.320622 20 65
363 39.991325 116.320803 20 65
364 39.991352 116.321002 20 65
365 39.991382 116.321179 20 65
366 39.991388 116.321384 20 65
367 39.991389 116.321583 -1 0
368 39.991368 116.321736 -1 0
369 39.99141 116.321874 -1 0
370 39.991412 116.322004 -1 0
371 39.991406 116.322176 -1 0
372 39.991403 116.322296 -1 0
373 39.991401 116.322436 -1 0
374 39.991477 116.322668 -1 0
375 39.991591 116.322784 -1 0
376 39.991716 116.322778 -1 0
377 39.991863 116.322774 -1 0
378 39.992007 116.322784 -1 0
379 39.992201 116.322812 -1 0
380 39.992365 116.3228 -1 0
381 39.992456 116.322797 -1 0
382 39.9926 116.32281 -1 0
383 39.992777 116.322891 -1 0
384 39.992883 116.322891 -1 0
385 39.993001 116.322713 -1 0
386 39.993077 116.322617 -1 0
387 39.993222 116.322651 -1 0
388 39.993429 116.32276 -1 0
389 39.993535 116.322744 -1 0
390 39.99364 116.322658 -1 0
391 39.993796 116.322579 -1 0
392 39.994055 116.322804 21 60
393 39.994175 116.322829 21 60
394 39.994276 116.322786 21 60
395 39.994471 116.322763 21 60
396 39.994648 116.322723 21 60
397 39.99481 116.322641 21 60
398 39.994946 116.322625 21 60
399 39.995093 116.32262 21 60
400 39.995235 116.322606 21 60
401 39.995392 116.322607 21 60
402 39.995567 116.322533 21 60
403 39.995718 116.32252 21 60
404 39.995852 116.322517 21 60
405 39.995993 116.322556 -1 0
406 39.99611 116.322544 -1 0
407 39.996234 116.322552 -1 0
408 39.996392 116.322481 -1 0
409 39.996534 116.322464 -1 0
410 39.996632 116.322425 -1 0
411 39.996645 116.322412 -1 0
412 39.996725 116.322348 -1 0
413 39.996881 116.322337 -1 0
414 39.997081 116.322428 -1 0
415 39.997277 116.322428 22 50
416 39.997592 116.322314 22 50
417 39.99775 116.322301 22 50
418 39.997865 116.322317 22 50
419 39.997988 116.32231 22 50
420 39.998151 116.322261 22 50
421 39.998307 116.322268 22 50
422 39.998452 116.322236 22 50
423 39.998603 116.322225 22 50
424 39.998753 116.322225 22 50
425 39.998895 116.322254 22 50
426 39.999078 116.322196 -1 0
427 39.999218 116.322176 -1 0
428 39.999364 116.322161 -1 0
429 39.999484 116.322148 -1 0
430 39.999607 116.322178 -1 0
431 39.999602 116.322324 -1 0
432 39.999603 116.322434 -1 0
433 39.999586 116.322587 23 75
434 39.999573 116.32276 23 75
435 39.999572 116.322932 23 75
436 39.999565 116.323134 23 75
437 39.999569 116.32328 23 75
438 39.999575 116.323448 23 75
439 39.999568 116.323605 23 75
440 39.999558 116.323605 23 75
441 39.999581 116.323732 23 75
442 39.999653 116.324069 23 75
443 39.999678 116.324258 23 75
444 39.999646 116.324405 23 75
445 39.999676 116.324452 23 75
446 39.999678 116.324453 23 75
447 39.999682 116.324455 23 75
448 39.999682 116.324455 23 75
449 39.999676 116.324456 23 75
450 39.999641 116.32451 24 90
451 39.999662 116.324481 24 90
452 39.999651 116.324477 24 90
453 39.999664 116.324493 24 90
454 39.999684 116.324511 24 90
455 39.999684 116.324511 24 90
456 39.999678 116.324511 24 90
457 39.999667 116.324512 24 90
458 39.999655 116.324513 24 90
459 39.999703 116.324496 24 90
460 39.99956 116.324498 24 90
461 39.999506 116.324545 24 90
462 39.999516 116.324531 24 90
463 39.999567 116.324478 24 90
464 39.999573 116.3246 24 90
465 39.999538 116.324639 24 90
466 39.999598 116.324684 24 90
467 39.999666 116.324722 24 90
468 39.999729 116.324801 24 90
469 39.999769 116.324886 24 90
470 40.004775 116.320158 -1 0
471 40.004783 116.320388 -1 0
472 40.004799 116.320545 -1 0
473 40.004835 116.320683 -1 0
474 40.004851 116.320835 -1 0
475 40.004868 116.32101 -1 0
476 40.004849 116.321153 -1 0
477 40.004879 116.321277 -1 0
478 40.004962 116.321318 -1 0
479 40.005088 116.32128 -1 0
480 40.00525 116.32126 -1 0
481 40.005455 116.321389 -1 0
482 40.005621 116.321455 -1 0
483 40.005738 116.321491 -1 0
484 40.005883 116.321518 -1 0
485 40.006051 116.321521 -1 0
486 40.006178 116.321463 -1 0
487 40.00633 116.321461 25 60
488 40.006482 116.321474 25 60
489 40.006631 116.321459 25 60
490 40.006813 116.321447 25 60
491 40.006974 116.321454 25 60
492 40.007122 116.321396 25 60
493 40.007235 116.321356 25 60
494 40.00741 116.321395 25 60
495 40.007571 116.321412 25 60
496 40.007715 116.321414 25 60
497 40.007862 116.321426 25 60
498 40.008034 116.321437 25 60
499 40.00817 116.321441 25 60
500 40.008337 116.321425 26 265
501 40.008515 116.321421 26 265
502 40.008668 116.321446 26 265
503 40.008782 116.321443 26 265
504 40.008843 116.321385 26 265
505 40.008884 116.321402 26 265
506 40.00895 116.321449 26 265
507 40.009006 116.321502 26 265
508 40.009026 116.321564 26 265
509 40.009011 116.321623 26 265
510 40.009021 116.321625 26 265
511 40.009021 116.321625 26 265
512 40.00902 116.321631 26 265
513 40.009013 116.321659 26 265
514 40.008921 116.321484 26 265
515 40.008582 116.322217 27 125
516 40.008481 116.32244 27 125
517 40.008496 116.322406 27 125
518 40.00888 116.321628 27 125
519 40.00898 116.321587 27 125
520 40.00898 116.321544 27 125
521 40.008984 116.321525 27 125
522 40.008984 116.321525 27 125
523 40.008982 116.321517 27 125
524 40.008958 116.321457 27 125
525 40.008971 116.321436 27 125
526 40.009022 116.321434 27 125
527 40.009025 116.321374 27 125
528 40.00903 116.321397 27 125
529 40.009062 116.321462 27 125
530 40.009081 116.321486 27 125
531 40.00908 116.321479 27 125
532 40.00908 116.321479 27 125
533 40.009081 116.321481 27 125
534 40.009083 116.321491 27 125
535 40.009094 116.32152 27 125
536 40.009072 116.321585 27 125
537 40.009083 116.321467 27 125
538 40.00908 116.321442 27 125
539 40.009087 116.321453 27 125
540 40.009065 116.321479 27 125
541 40.009071 116.321517 27 125
542 40.009075 116.32156 27 125
543 40.009105 116.321616 28 216
544 40.00908 116.32156 28 216
545 40.009031 116.321491 28 216
546 40.008995 116.321407 28 216
547 40.008995 116.321407 28 216
548 40.008999 116.321412 28 216
549 40.008997 116.321399 28 216
550 40.008994 116.321389 28 216
551 40.008994 116.321389 28 216
552 40.008995 116.321392 28 216
553 40.009235 116.321472 28 216
554 40.009268 116.321446 28 216
555 40.00927 116.321447 28 216
556 40.00927 116.321447 28 216
557 40.009272 116.321451 28 216
558 40.00928 116.321473 28 216
559 40.009278 116.32147 28 216
560 40.009242 116.321445 28 216
561 40.009187 116.32143 28 216
562 40.009098 116.321437 28 216
563 40.009045 116.321485 28 216
564 40.009008 116.321449 28 216
565 40.008993 116.321501 28 216
566 40.009017 116.321558 28 216
567 40.008999 116.321511 28 216
568 40.008999 116.321511 28 216
569 40.008997 116.321518 28 216
570 40.008999 116.321537 28 216
571 40.009026 116.321518 28 216
572 40.009009 116.321499 28 216
573 40.009009 116.321499 28 216
574 40.009011 116.321506 28 216
575 40.009013 116.321522 28 216
576 40.009012 116.321576 28 216
577 40.009034 116.321569 28 216
578 40.009034 116.321569 28 216
579 40.009038 116.321575 28 216
580 40.009024 116.321614 28 216
581 40.009015 116.321526 28 216
582 40.008997 116.321432 28 216
583 40.008995 116.321455 28 216
584 40.008997 116.321485 28 216
585 40.009032 116.32151 28 216
586 40.009074 116.32148 28 216
587 40.009101 116.32153 28 216
588 40.009157 116.321596 28 216
589 40.009219 116.321657 28 216
590 40.009247 116.321721 28 216
591 40.009273 116.321781 28 216
592 40.009313 116.321871 28 216
593 40.009344 116.321952 28 216
594 40.009356 116.322007 29 488
595 40.009386 116.322103 29 488
596 40.009356 116.322121 29 488
597 40.009353 116.322135 29 488
598 40.009319 116.322152 29 488
599 40.009394 116.322162 29 488
600 40.009399 116.322179 29 488
601 40.009344 116.32219 29 488
602 40.009342 116.322177 29 488
603 40.009318 116.32219 29 488
604 40.009287 116.322206 29 488
605 40.00927 116.32222 29 488
606 40.009351 116.321916 29 488
607 40.009336 116.321838 29 488
608 40.009331 116.321811 29 488
609 40.009314 116.321823 29 488
610 40.009314 116.321833 29 488
611 40.009316 116.32185 29 488
612 40.009428 116.320888 29 488
613 40.008854 116.321493 30 75
614 40.008848 116.321349 30 75
615 40.008874 116.32116 30 75
616 40.008852 116.321109 30 75
617 40.008786 116.321037 30 75
618 40.008767 116.321012 30 75
619 40.008735 116.320977 30 75
620 40.008694 116.320964 30 75
621 40.008665 116.320937 30 75
622 40.008635 116.320886 30 75
623 40.008612 116.32083 30 75
624 40.008591 116.3208 30 75
625 40.008574 116.320772 30 75
626 40.008521 116.320688 30 75
627 40.008471 116.320669 30 75
628 40.008419 116.320654 30 75
629 40.008362 116.320619 31 115
630 40.008348 116.320573 31 115
631 40.008309 116.320547 31 115
632 40.008281 116.320543 31 115
633 40.008234 116.320499 31 115
634 40.008163 116.320473 31 115
635 40.008129 116.320418 31 115
636 40.008121 116.320359 31 115
637 40.008069 116.320335 31 115
638 40.008027 116.320309 31 115
639 40.00801 116.320287 31 115
640 40.007959 116.320241 31 115
641 40.007947 116.320238 31 115
642 40.007879 116.320237 31 115
643 40.007826 116.320239 31 115
644 40.007818 116.320239 31 115
645 40.007818 116.320239 31 115
646 40.007819 116.32024 31 115
647 40.007817 116.32023 31 115
648 40.007834 116.320181 31 115
649 40.007761 116.320093 31 115
650 40.007661 116.319986 31 115
651 40.007623 116.319953 31 115
652 40.007623 116.319953 31 115
653 40.007621 116.31995 31 115
654 40.007575 116.31987 31 115
655 40.007551 116.319732 32 132
656 40.007526 116.31965 32 132
657 40.007468 116.319517 32 132
658 40.007465 116.319506 32 132
659 40.007462 116.319493 32 132
660 40.007459 116.319436 32 132
661 40.007453 116.319403 32 132
662 40.007454 116.319391 32 132
663 40.007474 116.319376 32 132
664 40.0075 116.319364 32 132
665 40.007524 116.319357 32 132
666 40.007524 116.319321 32 132
667 40.007517 116.319312 32 132
668 40.007551 116.319307 32 132
669 40.007551 116.319307 32 132
670 40.007555 116.319313 32 132
671 40.00759 116.31934 32 132
672 40.00761 116.319355 32 132
673 40.007615 116.319369 32 132
674 40.007621 116.319385 32 132
675 40.007644 116.319403 32 132
676 40.007663 116.319417 32 132
677 40.007663 116.319417 32 132
678 40.007669 116.319414 32 132
679 40.007661 116.319384 32 132
680 40.007654 116.319321 32 132
681 40.007654 116.319266 32 132
682 40.00767 116.319215 32 132
683 40.007694 116.319181 32 132
684 40.007699 116.319151 32 132
685 40.007272 116.319756 33 70
686 40.007331 116.319657 33 70
687 40.007428 116.319432 33 70
688 40.007395 116.319354 33 70
689 40.007447 116.319379 33 70
690 40.007479 116.319371 33 70
691 40.007516 116.319316 33 70
692 40.007575 116.319238 33 70
693 40.007288 116.319088 33 70
694 40.007288 116.319088 33 70
695 40.007284 116.319084 33 70
696 40.007298 116.319036 34 105
697 40.007365 116.31903 34 105
698 40.007416 116.319007 34 105
699 40.007482 116.318957 34 105
700 40.007548 116.318852 34 105
701 40.007627 116.318775 34 105
702 40.007718 116.318705 34 105
703 40.007808 116.318623 34 105
704 40.007877 116.318546 34 105
705 40.007945 116.318487 34 105
706 40.00803 116.318444 34 105
707 40.008125 116.318365 34 105
708 40.008215 116.318248 34 105
709 40.008168 116.318293 34 105
710 40.008015 116.318471 34 105
711 40.008049 116.318444 34 105
712 40.008064 116.31838 34 105
713 40.008118 116.318326 34 105
714 40.008197 116.318275 34 105
715 40.008289 116.318251 34 105
716 40.008305 116.318267 34 105
717 40.008276 116.318339 34 105
718 40.008184 116.318474 35 65
719 40.008071 116.318568 35 65
720 40.007954 116.318639 35 65
721 40.007884 116.318684 35 65
722 40.007867 116.318699 35 65
723 40.007835 116.318706 35 65
724 40.007717 116.318842 35 65
725 40.007726 116.318826 35 65
726 40.007721 116.318792 35 65
727 40.007753 116.318741 35 65
728 40.007803 116.318672 35 65
729 40.007852 116.318565 35 65
730 40.007925 116.318494 35 65
731 40.008019 116.318455 35 65
732 40.006977 116.319607 36 60
733 40.007203 116.319334 36 60
734 40.00735 116.319131 36 60
735 40.007504 116.318956 36 60
736 40.007611 116.318793 36 60
737 40.007773 116.31865 36 60
738 40.007966 116.31854 36 60
739 40.007399 116.31912 36 60
740 40.007411 116.319124 36 60
741 40.00744 116.31909 36 60
742 40.007496 116.319085 36 60
743 40.00754 116.31909 37 205
744 40.007619 116.319094 37 205
745 40.007648 116.319041 37 205
746 40.007681 116.318962 37 205
747 40.007724 116.318892 37 205
748 40.007766 116.318825 37 205
749 40.007809 116.318799 37 205
750 40.007849 116.318754 37 205
751 40.007905 116.31869 37 205
752 40.007878 116.318784 37 205
753 40.007616 116.318863 37 205
754 40.007692 116.318817 37 205
755 40.007794 116.318827 37 205
756 40.007898 116.318829 37 205
757 40.007981 116.318788 37 205
758 40.008009 116.318763 37 205
759 40.008031 116.318756 37 205
760 40.008055 116.318753 37 205
761 40.008237 116.318816 -1 0
762 40.008306 116.318941 -1 0
763 40.008283 116.318897 -1 0
764 40.0083 116.318936 -1 0
765 40.007645 116.319454 -1 0
766 40.007582 116.319409 -1 0
767 40.007581 116.319385 -1 0
768 40.007612 116.319403 -1 0
769 40.007694 116.319429 -1 0
770 40.007778 116.319475 38 95
771 40.007876 116.319505 38 95
772 40.007974 116.319529 38 95
773 40.008096 116.319537 38 95
774 40.008196 116.319549 38 95
775 40.008292 116.319591 38 95
776 40.008369 116.319618 38 95
777 40.008421 116.319597 38 95
778 40.008452 116.319548 38 95
779 40.008503 116.319525 38 95
780 40.008544 116.31949 38 95
781 40.008601 116.319482 38 95
782 40.008617 116.319483 38 95
783 40.008617 116.319483 38 95
784 40.008625 116.319489 38 95
785 40.00864 116.319488 38 95
786 40.008645 116.319484 38 95
787 40.008645 116.319484 38 95
788 40.008649 116.319481 38 95
789 40.008669 116.319455 38 95
790 40.006747 116.318549 39 115
791 40.006747 116.318549 39 115
792 40.006755 116.318544 39 115
793 40.006742 116.318571 39 115
794 40.006744 116.31856 39 115
795 40.006745 116.318572 39 115
796 40.006745 116.318581 39 115
797 40.006739 116.318568 39 115
798 40.006722 116.318548 39 115
799 40.006719 116.318565 39 115
800 40.006724 116.318625 39 115
801 40.006745 116.318817 39 115
802 40.006715 116.318884 39 115
803 40.006721 116.318965 39 115
804 40.006753 116.319072 39 115
805 40.006785 116.319175 39 115
806 40.00681 116.319239 39 115
807 40.006849 116.319286 39 115
808 40.006811 116.319309 39 115
809 40.006789 116.319351 39 115
810 40.006791 116.319398 39 115
811 40.006828 116.319424 39 115
812 40.006872 116.319419 39 115
813 40.006893 116.319381 39 115
814 40.006975 116.319294 40 55
815 40.007457 116.319674 40 55
816 40.007457 116.319674 40 55
817 40.007458 116.319676 40 55
818 40.007479 116.319695 40 55
819 40.007572 116.319786 40 55
820 40.007582 116.319816 40 55
821 40.007621 116.319834 40 55
822 40.007629 116.31989 40 55
823 40.007634 116.319966 40 55
824 40.007646 116.32005 40 55
825 40.00766 116.320119 40 55
826 40.007686 116.320243 41 75
827 40.007748 116.320301 41 75
828 40.007802 116.320389 41 75
829 40.007819 116.320364 41 75
830 40.007853 116.320343 41 75
831 40.007912 116.320328 41 75
832 40.007978 116.320325 41 75
833 40.007999 116.320339 41 75
834 40.008036 116.320394 41 75
835 40.008125 116.320486 41 75
836 40.008172 116.320571 41 75
837 40.008182 116.320646 41 75
838 40.008226 116.320738 41 75
839 40.008236 116.32081 41 75
840 40.008306 116.320851 41 75
841 40.008373 116.320857 41 75
842 40.008418 116.320872 42 85
843 40.00846 116.320864 42 85
844 40.008507 116.320918 42 85
845 40.008535 116.320997 42 85
846 40.008565 116.321079 42 85
847 40.008619 116.321168 42 85
848 40.008663 116.321249 42 85
849 40.008684 116.321297 42 85
850 40.008724 116.321395 42 85
851 40.008776 116.321462 42 85
852 40.008804 116.321504 42 85
853 40.008839 116.321516 42 85
854 40.008879 116.321555 42 85
855 40.008891 116.321571 42 85
856 40.008873 116.321615 42 85
857 40.008858 116.321677 42 85
858 40.008864 116.321766 42 85
859 40.00887 116.321858 42 85
860 40.008864 116.321933 43 731
861 40.008862 116.322009 43 731
862 40.008855 116.322087 43 731
863 40.008873 116.322144 43 731
864 40.008874 116.322234 43 731
865 40.008869 116.322306 43 731
866 40.008835 116.322331 43 731
867 40.008814 116.322311 43 731
868 40.008813 116.3223 43 731
869 40.008813 116.3223 43 731
870 40.008821 116.322297 43 731
871 40.008833 116.322297 43 731
872 40.008842 116.322298 43 731
873 40.008761 116.323722 43 731
874 40.008765 116.32369 43 731
875 40.00865 116.323112 -1 0
876 40.008786 116.322741 -1 0
877 40.008889 116.322551 -1 0
878 40.008962 116.322462 -1 0
879 40.008988 116.322356 -1 0
880 40.009068 116.322259 -1 0
881 40.009107 116.322177 -1 0
882 40.009086 116.322088 -1 0
883 40.008929 116.321992 44 1441
884 40.008849 116.32191 44 1441
885 40.008799 116.32185 44 1441
886 40.008827 116.321784 44 1441
887 40.008862 116.321736 44 1441
888 40.008898 116.321695 44 1441
889 40.008901 116.321684 44 1441
890 40.008905 116.321683 44 1441
891 40.008905 116.321683 44 1441
892 40.008905 116.321682 44 1441
893 40.008934 116.321623 44 1441
894 40.008945 116.321551 44 1441
895 40.008851 116.321485 44 1441
896 40.008607 116.321862 44 1441
906 40.009269 116.320978 -1 0
