0 39.98462458333333 116.3177685 0
1 39.98453008333333 116.31548225 0
2 39.98466635714285 116.31243407142857 0
3 39.984493937500005 116.30847525 -1
4 39.98443146153847 116.30622569230766 1
5 39.98436745454546 116.3039860909091 1
6 39.98435075 116.30195591666666 -1
7 39.98425675 116.29997099999999 -1
8 39.98361553846154 116.29939323076925 -1
9 39.98347466666666 116.29910446666666 -1
10 39.98456856250001 116.29945990625002 -1
11 39.98496494444445 116.30223138888886 2
12 39.985073230769224 116.3049876923077 2
13 39.98519076923076 116.30725892307693 -1
14 39.98607563636364 116.30995309090909 -1
15 39.987466363636365 116.31003181818183 -1
16 39.99075261904761 116.31023471428571 3
17 39.9910135 116.31218733333331 3
18 39.99112706249999 116.3148523125 -1
19 39.9911835 116.31753483333331 -1
20 39.991272428571435 116.32015057142857 -1
21 39.99494138461538 116.32265953846155 -1
22 39.99814845454545 116.32228536363637 4
23 39.999618705882355 116.32376976470589 4
24 39.99963555 116.32456994999998 4
25 40.00725761538461 116.32142861538463 -1
26 40.00886786666667 116.32151226666669 -1
27 40.00898032142858 116.32158528571429 -1
28 40.00909050980392 116.32151947058826 -1
29 40.00934284210526 116.3219895263158 -1
30 40.008681124999995 116.32095856250001 -1
31 40.007947461538464 116.32026349999995 -1
32 40.00757136666666 116.31938009999999 -1
33 40.007391181818186 116.31934209090909 -1
34 40.00790613636363 116.31855095454547 -1
35 40.00787935714286 116.3186540714286 -1
36 40.00746636363637 116.3190390909091 -1
37 40.00780527777778 116.31885150000001 -1
38 40.00841045 116.31951465000002 -1
39 40.00677045833334 116.31891466666667 -1
40 40.007514166666674 116.31978950000001 5
41 40.008028312499995 116.32049906249998 5
42 40.00871272222222 116.32135349999999 5
43 40.00883293333334 116.32241726666666 6
44 40.008865500000006 116.32173 6
