0 39.98462458333333 116.3177685 56 934.7799717170155
1 39.98453008333333 116.31548225 55 863.6657924351817
2 39.98466635714285 116.31243407142857 65 964.3418429942712
3 39.984493937500005 116.30847525 75 725.2771997194565
4 39.98443146153847 116.30622569230766 60 676.8425865278182
5 39.98436745454546 116.3039860909091 50 946.8784308355553
6 39.98435075 116.30195591666666 55 885.0377530415242
7 39.98425675 116.29997099999999 55 905.4391040164329
8 39.98361553846154 116.29939323076925 60 970.554957104253
9 39.98347466666666 116.29910446666666 65 875.2626568610009
10 39.98456856250001 116.29945990625002 145 915.8483488050139
11 39.98496494444445 116.30223138888886 85 794.0949156341404
12 39.985073230769224 116.3049876923077 60 929.489882159296
13 39.98519076923076 116.30725892307693 60 821.955027137554
14 39.98607563636364 116.30995309090909 50 846.3939635608551
15 39.987466363636365 116.31003181818183 50 619.2862584676496
16 39.99075261904761 116.31023471428571 95 856.8827046569058
17 39.9910135 116.31218733333331 55 956.690832638793
18 39.99112706249999 116.3148523125 75 969.6649385124038
19 39.9911835 116.31753483333331 55 950.3489471502651
20 39.991272428571435 116.32015057142857 65 839.5507158208592
21 39.99494138461538 116.32265953846155 60 867.4427037287256
22 39.99814845454545 116.32228536363637 50 917.8379076112992
23 39.999618705882355 116.32376976470589 75 928.0421779396945
24 39.99963555 116.32456994999998 90 502.1379058372858
25 40.00725761538461 116.32142861538463 60 957.8374959908489
26 40.00886786666667 116.32151226666669 265 834.9714171289654
27 40.00898032142858 116.32158528571429 125 995.8715557735297
28 40.00909050980392 116.32151947058826 216 968.277921391491
29 40.00934284210526 116.3219895263158 488 803.3246310014821
30 40.008681124999995 116.32095856250001 75 974.7551183968278
31 40.007947461538464 116.32026349999995 115 675.9481530876104
32 40.00757136666666 116.31938009999999 132 666.6125561226964
33 40.007391181818186 116.31934209090909 70 938.4210473239613
34 40.00790613636363 116.31855095454547 105 951.8446807116268
35 40.00787935714286 116.3186540714286 65 534.6350542414319
36 40.00746636363637 116.3190390909091 60 833.6395035751748
37 40.00780527777778 116.31885150000001 205 778.7345083708457
38 40.00841045 116.31951465000002 95 711.2443570401575
39 40.00677045833334 116.31891466666667 115 729.9689678879583
40 40.007514166666674 116.31978950000001 55 843.9062669453042
41 40.008028312499995 116.32049906249998 75 983.9403876640254
42 40.00871272222222 116.32135349999999 85 917.3581701483306
43 40.00883293333334 116.32241726666666 731 501.6767243240675
44 40.008865500000006 116.32173 1441 927.3037807894548
