2 1 0 0 3 0 0 0 0 0 0 0 4 0 4 0 0 0 0 14 
4 0 0 1 0 0 0 0 0 0 0 0 3 0 11 0 1 0 1 21 
4 0 0 1 41 0 4 0 0 0 0 0 5 0 5 0 8 0 6 74 
6 0 0 0 1 0 3 0 0 0 0 0 2 0 0 0 6 0 5 23 
2 2 3 3 4 0 1 0 0 0 0 0 1 3 67 0 2 0 5 93 
5 2 1 0 59 2 3 0 1 0 0 0 3 6 7 0 2 0 13 104 
0 0 0 1 1 0 1 0 0 0 0 0 0 1 1 0 0 0 0 5 
0 0 0 0 0 0 0 0 0 0 0 0 0 0 0 0 0 0 0 0 
0 0 0 0 0 0 0 0 0 0 0 0 0 0 0 0 0 0 0 0 
0 0 0 0 0 0 0 0 0 0 0 0 0 0 0 0 0 0 0 0 
0 0 0 0 0 0 0 0 0 0 0 0 0 0 0 0 0 0 0 0 
0 0 0 1 0 0 1 0 0 0 0 0 0 0 1 0 0 0 0 3 
2 0 1 1 59 0 2 0 1 0 0 0 0 6 5 0 2 0 8 87 
0 0 1 0 5 0 2 0 0 0 0 0 1 1 52 0 2 0 1 65 
1 0 0 0 4 1 1 0 0 0 0 0 3 2 4 0 0 0 6 22 
0 0 0 0 0 0 0 0 1 0 0 0 3 0 0 0 2 0 1 7 
3 0 1 0 0 0 0 0 1 0 0 0 0 5 0 0 0 0 1 11 
1 0 1 0 0 0 0 0 0 0 0 0 1 29 0 0 0 0 0 32 
3 0 0 0 0 0 0 0 8 0 0 0 0 23 0 0 0 0 0 34 
1 0 0 0 0 0 1 0 0 0 0 0 0 4 0 0 0 0 0 6 
1 1 0 0 0 0 0 0 0 0 0 0 0 0 0 0 0 0 0 2 
0 0 0 0 0 0 0 0 0 0 0 0 0 0 0 0 0 0 0 0 
0 0 0 0 0 0 0 0 4 0 0 0 1 0 0 0 0 0 0 5 
0 0 0 0 0 0 0 0 0 0 0 0 4 0 3 0 4 0 0 11 
0 0 0 1 1 1 1 0 2 0 0 0 7 1 6 0 8 0 0 28 
0 0 1 0 0 0 0 0 2 0 0 0 0 0 0 0 0 0 1 4 
0 0 0 0 0 0 0 0 0 0 0 0 0 0 0 0 0 0 0 0 
0 0 0 0 0 0 0 0 0 0 0 0 0 0 0 0 0 0 0 0 
0 0 0 0 0 0 0 0 0 0 0 0 0 0 0 0 0 0 0 0 
0 0 0 0 0 0 0 0 0 0 0 0 0 0 0 0 0 0 0 0 
0 0 0 0 0 0 0 0 0 0 0 0 0 0 0 0 0 0 0 0 
0 0 0 0 0 0 0 0 0 0 0 0 0 0 0 0 0 0 0 0 
0 0 0 0 0 0 0 0 0 0 0 0 0 0 0 0 0 0 0 0 
0 0 0 0 0 0 0 0 0 0 0 0 0 0 0 0 0 0 0 0 
0 0 0 0 0 0 0 0 0 0 0 0 0 0 0 0 0 0 0 0 
0 0 0 0 0 0 0 0 0 0 0 0 0 0 0 0 0 0 0 0 
0 0 0 0 0 0 0 0 0 0 0 0 0 0 0 0 0 0 0 0 
0 0 0 0 0 0 0 0 0 0 0 0 0 0 0 0 0 0 0 0 
0 0 0 0 0 0 0 0 0 0 0 0 0 1 0 0 0 0 0 1 
1 0 0 0 0 0 0 0 0 0 0 0 0 1 0 0 0 0 0 2 
0 0 0 0 0 0 0 0 0 0 0 0 0 0 0 0 0 0 0 0 
0 0 0 0 0 0 0 0 0 0 0 0 0 0 0 0 0 0 0 0 
0 0 0 0 0 0 0 0 0 0 0 0 0 0 0 0 0 0 0 0 
0 0 0 0 0 0 0 0 0 0 0 0 0 0 0 0 0 0 0 0 
0 0 0 0 0 0 0 0 0 0 0 0 0 0 0 0 0 0 0 0 
