39.3579648475 115.50324462277777
39.35742509638889 115.50265724861111
39.35724850138889 115.50262582611111
39.35702853638889 115.50256827333334
39.356396448333335 115.50242948972222
39.35878331916667 115.50163156388888
39.358901108055555 115.49982620833333
39.359406130833335 115.4979435275
39.35985524083333 115.49647069527778
39.35739185694444 115.50312088055556
39.3565600175 115.50245813138889
39.35588808138889 115.5023325525
39.35848335861111 115.50938128027776
39.35952456805556 115.49110376333333
39.36062874527777 115.4925305863889
39.35600303583333 115.50234797861111
39.34768384 115.50857453416666
39.35783729194444 115.50320516111111
39.35688487805555 115.50253743222223
39.35884895555555 115.50029728027779
39.3552604225 115.50219156722223
39.35605271833334 115.56704184138889
39.35277380583333 115.49359366361112
39.33301088861111 115.47832874194444
39.35034470361111 115.487015605
39.35031071666667 115.48709233833333
39.349828967499995 115.4860598475
39.348623356388885 115.48504112416667
39.349843415555554 115.48671133638888
39.230243430277774 115.45077987083334
40.37008914916667 116.85185965305554
40.370115562500004 116.85186950694444
40.376741958611106 116.86760042694443
40.37012271138889 116.85200527916668
40.37017764861111 116.85229392416667
40.538039840277776 117.12534696499999
39.1020529 117.11422216916667
39.13862956222222 117.11648829777778
39.12288848194444 117.10587698555557
39.13698520916667 117.00341454027779
39.137776528055554 117.11542710972222
39.13070341972222 117.10693043138889
39.12696494194444 117.11474638083334
39.14154893361111 117.12007118305556
39.666628268333326 116.92390634583333
39.671990898333334 116.91814187944445
39.6701821475 116.91930324833334
39.6700027775 116.91947808138889
39.48268088555555 117.01601352527778
39.473516115833334 117.02076558916666
39.547295768055555 116.98159130083334
39.18031732694445 116.90327387055555
39.385613640833334 117.05663196222223
39.360353617777776 116.90413070805555
39.384589049166664 117.07815719833334
39.299998235 116.90510889805556
39.29678671138889 116.90508372305555
39.29896807138889 116.90471652472222
39.5175078125 116.87833769583334
39.517186378055555 116.87846028027778
39.52499096555555 116.87950297694445
39.3846165625 117.05379451416667
39.61546694527778 116.96455566361112
39.61868089944444 117.06122094972223
39.61611362583333 117.06331932583333
39.618445954722226 117.06132893861111
39.39925066666666 116.94852157027778
39.623321615 116.95952176805555
39.62300805527777 116.95505394861112
39.45574256305555 117.0863588263889
39.44124506138889 117.28099774055555
39.44606281527778 117.08466737250001
39.38446684583334 117.07535148666668
39.38357844527778 117.06953249083334
39.38989795944444 117.07842636194444
39.38322309805556 117.07265199
39.390749660833336 117.05704235388889
39.62030100638889 117.0598304188889
39.527988110277775 117.18743264027778
39.53085741638889 117.19592241555556
39.38591118083333 117.0606703163889
39.384003848055556 117.06422455722222
39.36390444416667 117.19797324972222
39.35980224888889 116.90360936694444
39.54486365444444 117.09869221277778
39.29756881722222 116.89715787444445
39.52496850972222 116.87922562472221
39.37294935027778 117.06459483638889
39.38445254472222 117.07539608277779
39.52391303472223 116.87316896249999
39.379657493055554 117.05108654222222
39.62039057222223 117.05976812361111
39.384465408055554 117.07535004805555
39.478477329166665 117.01918112472222
39.364800143055554 117.20062669694445
39.41571220861111 117.13784805805555
39.48050143194445 117.01706399166667
39.477687449166666 117.01972797055555
39.6640790125 116.92595391777778
39.52434323666667 116.87367393388888
39.62464085916667 117.05801793083333
39.38393855472222 117.08088614111111
39.384270477499996 117.08326717499999
39.392814888611106 117.08117604249999
39.38706397805555 117.07713040722221
39.40973785083334 117.09070941305556
39.50798587138889 117.10152635444445
39.36110917777778 117.07279670972221
39.52191413194445 116.99461111805556
39.52819562611111 117.19112595305555
39.52212360916666 116.99391634916667
39.51514909027778 117.12886477916666
39.47626972583333 117.02073017805556
39.47659753361111 117.02050092972222
39.47248278694445 117.09214661861112
39.372775598888886 117.06367608972222
39.37240638805556 117.06519406305554
39.61899269027778 116.89262024638889
39.610988515555555 116.85748693027777
39.622942404722224 116.95926250694444
39.61525306972222 117.06305088916668
39.619073631944445 116.95770911
39.6707134675 116.91950472416667
39.63603789444444 116.88377203722223
39.528385453055556 117.19276392944445
39.37077906305556 117.05751011777778
39.39094152638889 117.26304031583334
39.28983527111111 116.99705776972222
39.41515813638889 117.13128572416666
39.41509329583334 117.13072067694445
39.41599792861111 117.13965834694444
39.3841896125 117.07456308361111
39.62056365861111 117.06018673527777
39.381816066944445 117.06284995083334
39.3730462225 117.06643982277777
39.13451628916666 116.40073730972222
39.10965330583333 116.39106431055555
39.118163313055554 116.40339357583333
39.122278201388895 116.40318683833333
39.112366451944446 116.4137347675
39.11238816583334 116.41403217527778
39.11182650083333 116.40234188138889
39.111779784166664 116.40150804722222
39.111779784166664 116.40150804722222
39.1278688325 116.40290009861111
39.12930748861111 116.40279526638889
39.1156131675 116.38299406916666
39.1118164475 116.40237357472222
39.10241125361111 116.37918148277778
39.10513518083334 116.40247750194445
39.13277884861111 116.38246442638889
39.13106116972222 116.38909632694445
39.11560582638889 116.39640517138889
39.11233984527778 116.41345670416666
39.112331043055555 116.41330497277778
39.11616939472222 116.87868996888889
39.130913112500004 116.40237943027778
40.910347504166666 115.83542518388889
40.99424957944445 116.07640591083334
40.91001846361112 115.83549044027778
40.90970933305555 115.83554986833333
40.768367732499996 115.54832398444445
40.795334628333336 115.6863492213889
41.041841714166665 115.77297672472221
40.764080255833335 115.54505423861112
40.892251449166665 117.00009745583333
40.934488370277776 117.33790996027777
40.93411483361111 117.32844140416665
40.931582374444446 117.33158001944443
40.93675273027778 117.3407363375
40.93836862361111 117.3473228025
40.934488370277776 117.33790997749999
41.05065112194444 117.50696754527777
41.05199758361111 117.50890048138889
41.05361030805555 117.5107577275
41.05355649027778 117.51068740138889
40.942275064166665 117.3447613686111
40.9369444375 117.34003332916667
40.92850209583334 117.32708041194445
40.93400458138889 117.33808451666667
40.9340324825 117.33814375611111
40.936880664722224 117.33984640999999
40.94285565305555 117.35308919277777
40.93406847694444 117.33821763944445
40.93583848666667 117.34080061638889
40.93512159861111 117.33927126500001
40.93412296916667 117.33714312111111
41.05389658861111 117.51149067027777
40.944179265555555 117.34960587361111
40.94400095694444 117.35026930638888
40.40588781666666 117.50275798861111
40.41771989861111 117.50411816027777
40.41968372527778 117.50969026083334
40.413533799166665 117.49376441472224
40.41976741 117.51029050611112
40.689620734722226 115.40441703888888
40.22169764416667 115.43545804861111
40.22046921305556 115.44000606694445
40.220469566944445 115.44035041027779
40.22081732583333 115.44161326527778
40.22081971694445 115.4414091836111
40.222059763888886 115.43878344722222
39.85944697972222 116.45034392916666
39.842578509444444 116.23668396805556
39.87242664583333 116.32835724805557
39.858146192777774 116.25832769194444
39.84519096527778 116.28685301138889
39.83854253638889 116.27658531083334
39.86475848138888 116.2522810025
39.841374232499994 116.370528305
39.83615086972222 116.40319509527777
39.86747898138889 116.37274550361111
39.836788841388895 116.27269792638889
39.85690215416667 116.24767406972222
39.88925544083334 116.23647868944445
39.85944224638889 116.2399555763889
39.86069344027778 116.25793394583334
39.864971231666665 116.25227785694445
39.86459911027778 116.25228211916667
39.86419498111111 116.2522768336111
39.80228717194444 116.33421745194444
39.81564385527778 116.36336451250001
39.80396258305555 116.37934751472223
39.803246426111116 116.40227590027777
39.81838303916666 116.32816278722223
39.819407445 116.35525759527778
39.8032469475 116.390307675
39.80896934305555 116.40295432472222
39.849081676944444 116.43864306722223
39.87301202694445 116.34178350583333
39.7924655625 116.37775039916667
39.78706463305555 116.30999948916667
39.86330859777778 116.38658855472222
39.84846833027778 116.38038888999999
39.853240478055554 116.45760606694444
39.86631997083333 116.34893779416667
39.80231658305556 116.33422135861112
39.80533304194444 116.37619257138888
39.78503810083333 116.30612183638888
39.80583136194445 116.37589279000001
39.80794283083333 116.40306197416666
39.51482245611111 116.75331994583334
39.527417007500006 116.69814549361111
39.55629450694445 116.75413056250001
39.52732006083333 116.6981608
39.52588866083333 116.7247808236111
39.52652552833334 116.6993622011111
39.525794875833334 116.69831964527778
40.080373269999996 116.7573121263889
40.120155250833335 116.66561160972222
40.095609038611116 116.70191767583333
40.0956161325 116.6980371625
40.24535133416666 116.78302741805555
40.21309271444444 116.66059877361111
40.05533108972222 116.70605288
40.067007885833334 116.81631021583333
40.128663958888886 116.70502120916667
40.10333761305556 116.67285434972221
40.107637016666665 116.69604221694445
40.100659031944446 116.76472567527777
40.060998428888894 116.56169521749999
40.06425627388889 116.66209821999999
40.1089906775 116.67625756694444
40.127906618611114 116.64605764472222
40.12142862361111 116.61066498805555
40.13757562916667 116.64787709027777
40.197589836666666 116.7258007425
40.20284405472222 116.72934194527778
40.077150342500005 116.53712723805556
40.07724947138889 116.5370414425
40.077452030277776 116.53259869277778
40.21258621388888 116.66153691194444
40.246049125 116.7897809588889
40.14869272861112 116.94515996138888
40.20882093805555 116.66056422861112
40.12857794027778 116.70500620583333
40.1179856675 116.65044368222222
40.077810739166665 116.53325033888889
40.06310703166667 116.57019472472223
40.12190850527777 116.61053045666667
40.10334960527778 116.66181409527778
39.89814467138889 116.66495877944443
39.927387621388895 116.66971602416668
39.883588225277784 116.68507460805556
39.90984096555556 116.69597718277778
39.86148361305556 116.6813589325
39.89319555416667 116.70138203527779
39.87111043722222 116.66005909972223
39.8824856575 116.63505854861111
39.907723930555555 116.65199220027777
39.89655854777778 116.63182058194445
39.83262982972222 116.65820469388889
39.72675752972222 116.8765354986111
39.78037104888889 116.79546355000001
39.76364427666667 116.82455216027779
39.71012681527778 116.78812286555555
39.71145051527778 116.88230722861111
39.91712562388889 116.71659425444444
39.87021170027778 116.69448552083334
39.70986035138889 116.78742048805556
39.7772859275 116.79812018
39.673213403888894 115.4504016325
39.79935657722222 115.41349320861111
39.799528788611106 115.41351260916666
39.79959924361111 115.4135214225
39.800098911944445 115.41374486583334
39.386154229166664 115.69470633805555
39.38615444138889 115.69501236694444
39.38557238972222 115.70604226916666
39.38544246194444 115.7067466925
39.38619049527778 115.70421041249999
39.377703537777776 115.79355284972222
39.384162285833334 115.7126404075
39.38580358972222 115.7022203863889
39.385768938055556 115.70405561472224
39.38561247638889 115.70586323472222
39.3858925 115.70664116444445
39.385786504722226 115.70230679083332
39.8039133225 115.41420808944444
39.803472075277774 115.41420802972223
39.39512901472222 115.70291603694446
39.384845614444444 115.71158972555554
39.93310662361111 116.21509378083333
39.9858892675 116.2525132563889
39.9735799575 116.23654278555556
40.01638289194444 116.28701409361112
39.93235264027778 116.2284043725
39.99271617083333 116.23136793083333
40.00497048472222 116.26704527055556
40.01696701888889 116.31664358694444
40.030856307222216 116.36056271027779
40.04183798416666 116.2594305711111
39.94779861083333 116.24385816305556
40.005381370833334 116.26694893833334
40.01486361888889 116.35797018527778
39.97351622194444 116.23532713222222
39.98826309527777 116.33776040805556
40.01611888916667 116.28715560250001
39.95789844694445 116.3505787525
39.97252550305555 116.25176409527778
39.97164944194445 116.25090913694444
39.98840869305556 116.33734280416665
40.0439009275 116.25377410972223
40.044626773055555 116.24268615166666
39.93352215138889 116.22059173305556
39.42238897138889 117.5553481861111
39.34692542916667 117.4770206086111
39.89952664472222 117.40362375055557
40.186513141111114 117.44370960500001
39.964827316666664 117.35217660138889
40.040230937500006 117.40563156583333
40.03500308416667 117.41317589833334
40.03499760416667 117.41655650722223
39.95349759472222 117.50805754277778
40.044753799166664 117.43445415805554
40.03501594916667 117.41280425805554
40.04538349888889 117.43548756666668
40.04766947555555 117.40159239583333
40.05886579722222 117.31600874805557
39.873907289722226 117.42735843861112
39.9078311125 117.30475575444444
40.18908311138889 117.43673691861112
39.79384386666666 117.4276349511111
40.035005704166664 117.41438332638889
40.035009792500006 117.41441182555555
40.03500427972222 117.41501418805555
40.034999962777775 117.41643363027778
39.99121220972222 117.2512479975
40.04016199861111 117.40209336694444
39.99308952194445 117.26781726083334
39.135989431944445 117.30343312805556
39.132796893055556 117.28948998916667
39.12111850694444 117.28149067944445
39.126263153055554 117.27258067361112
39.17207154388889 117.25286774583334
39.92676951305556 116.42540598972222
39.96167150527778 116.40546038416667
39.94057075194444 116.39927749750001
40.37716802555555 116.68364979555555
40.31249764361111 116.63411130527778
40.31245738305556 116.6339006336111
40.347574800277776 116.67261656305556
40.338176259722225 116.56293064583333
40.303035353611115 116.62415620972223
40.308390736944446 116.63460159083334
40.35341207583333 116.65362664999999
40.301131856944444 116.62458046361111
40.30113226527777 116.62458007361111
40.900815960833334 116.62298606916667
40.271672099722224 116.62259165694444
40.31339325305555 116.63817872694445
40.36271995777778 116.66416977472221
40.343110716666665 116.64337969138889
40.29113566083333 116.58112603472222
40.13343177805555 117.12302739416666
40.133822387777776 117.12255398250001
40.13834344472222 117.12360584916667
40.137677761666666 117.12404556583333
40.13379491 117.12327536333333
40.15209472277778 117.11090340666667
40.13979011722222 117.12414747638888
40.16385263944444 117.15505996583333
40.147129275000005 117.11873436166667
40.139262967777775 117.12362457833333
40.13864090055556 117.12406263472224
40.18992331166667 117.0135727025
40.131742546944444 117.12402411694444
40.131742546944444 117.12402411694444
40.13338337138889 117.11712286472222
40.13599332305556 117.13161682083333
40.15973067138889 117.11138608694445
40.15636387527778 117.11031678055555
40.14088500861111 117.09599932805556
40.17982023305556 117.11108710944444
40.13129478916667 117.12354800527778
40.13342669083333 117.12307456055555
40.135851556666665 117.12356996694444
40.070725879166666 116.44388675583335
40.20049108222222 116.21196217305555
40.08605640277777 116.41420143833334
40.06401920472222 116.34345424249999
40.05739508972222 116.40309050361111
40.058441280277776 116.40995052388888
40.07996674361111 116.39952268472223
40.07976600972223 116.36776731777778
40.08754421472222 116.3943768686111
40.22740365194444 116.23354804083333
40.08123519638889 116.39906777361111
40.21237837583333 116.23172443416667
40.14227483305555 116.14026054305555
40.14240966694444 116.14023814527778
40.122378651944445 116.26814870861112
40.12035743388889 116.27085490638888
40.087272634722225 116.31789760027777
40.059038630277776 116.3405751125
40.22412324194445 116.22182673305556
40.235512058333335 116.16490384444444
40.20029097305556 116.2149287513889
40.237701425000004 116.1363768075
40.079909783611114 116.44157210805555
40.0741564575 116.3635547475
40.237293541944446 116.13550213805556
39.21083650388889 117.14031243388888
39.24318122555556 117.19839022583334
39.193358359166666 116.9908379911111
39.18845177861111 117.1151948713889
39.19661165944444 117.15380004472222
39.253260303055555 117.2367124625
39.294479036944445 117.10249361472222
39.189466843611115 117.16346903694445
39.20635849972222 117.22062542972223
39.24044084638889 117.23257197361112
39.188391815833334 117.08456222416666
39.281304874722224 117.10545868361112
39.27585064611112 117.10699670472222
39.29068743027777 117.32160184444444
39.1932534275 117.12320732555555
39.19171250694444 117.1197759975
39.19199228138889 117.20071085305557
39.23974807583333 117.0324964875
39.22878371777778 117.14442347888888
39.19782744194445 117.03274030083332
39.26017380194444 117.10507216138888
39.25157821972222 117.23665094833333
39.25352436472222 117.23674899972222
39.2111112275 117.18413944138888
39.22383641027778 117.14534435583333
39.22573315694445 117.13377577444444
39.22853942194444 117.13430842416666
39.23398060694444 117.12293882861111
39.21206119055556 117.2302121886111
39.78030718833333 116.28835693527778
39.71700167666666 116.38179289083332
39.78244984472222 116.41007734583333
39.74003043138889 116.33913493527778
39.73636323916667 116.34912450916667
39.7179995675 116.33657509694444
39.72157158361111 116.35120574361112
39.72141388944445 116.35202220416667
39.72267549361111 116.35256884833333
39.712360776388884 116.34793910583333
39.79008981861111 116.34699110166666
39.79041249111111 116.34718426972222
39.78964937972223 116.34376920388888
39.74244930694445 116.37560479305556
39.76678347083333 116.41055774805555
39.78930904222222 116.42105974
39.73652587916666 116.33291471805556
39.710665821944445 116.33172628638889
39.710145009166666 116.34901190694444
39.71699325666667 116.34562992972222
39.724645447499995 116.3238881675
39.72244105361111 116.34988221416667
39.744049141388885 116.3073860225
39.74053887 116.32348717972222
39.76662966972223 116.33964868861112
39.817140468055555 116.42954271527779
39.768618269166666 116.38065779916667
39.71376282833333 116.33450606194444
39.670044089722225 116.35112433027778
39.716943657499996 116.32246103694445
39.72554910444444 116.31724007972223
39.76388345583333 116.38130789083333
39.737418268055556 116.35778353027779
39.73968526694444 116.32378112361111
39.75809375888889 116.31774511583333
39.717435039166666 116.38177922861111
39.79203823583333 116.34228947027778
39.80730519972223 116.4553754636111
39.8073649225 116.4557921625
39.80721295194444 116.45482659305556
39.68332721555555 116.60069741305556
39.8072737675 116.45511779416667
39.69422783666666 117.56997555694444
39.71902465527778 117.29039312777778
39.724652811388886 117.3194582036111
39.72462901138889 117.3190938986111
39.48738505805556 117.51936545666666
39.67135329305556 117.28437535194443
39.72279734694444 117.31906498027777
39.678114971388894 117.37213132583334
39.69683586083333 117.56896942583333
39.74023424083333 117.313774325
39.587668495 117.24798943416667
39.58717079805555 117.24783786361111
39.593138163333336 117.24238341027777
39.61993086222222 117.4076105111111
39.711204224166664 117.29725141472223
39.72565042361111 117.31230357472222
39.71346843194444 117.29990747027779
39.678524805833334 117.37234474694445
39.70815571861111 117.31052766555555
39.399643614722216 117.3646488775
39.593062421666666 117.24237730916667
39.585643731944444 117.2472600413889
39.59761493 117.25207954055556
39.67963337305556 117.37128471972223
39.44885511611111 117.38545814555556
39.7279245075 117.31241672916666
39.623754191111104 117.40361375694444
39.72427250222222 117.31932375666666
39.7229508175 117.319193965
39.72300547361111 117.31990177694445
39.71914207361112 117.31592981249999
39.71814047416667 117.2988589186111
39.72028024111111 117.31691332416668
39.71848634527778 117.31535361305555
39.687611106666665 117.43904039472221
39.697488023055556 117.56871812888889
39.73161601305555 117.31722162055554
39.73124754916666 117.31774226083333
39.44858772305556 117.38494426833333
39.44867333388889 117.38299641861111
39.38643441 117.45750053305555
39.71178716972222 117.29729706250001
39.757001591944444 117.4755625063889
39.723045123055556 117.31926001527778
39.72068956972222 117.32717348416668
39.73028917166666 117.27040377555555
39.72464438083333 117.31931545694444
39.72487349583333 117.29323905305556
39.72471979472222 117.31987890833334
39.724998748055555 117.32488573194445
39.696360973055555 117.56915100916667
39.446393665555554 117.38574039972222
39.924474288055556 116.58503572194444
39.92984864916667 116.4809002813889
39.86786309305556 116.45153639
39.97644361555555 116.51556127138889
40.04457719138889 116.46326992805555
39.92302192138889 116.54163536583334
40.03265447416667 116.44074991416666
39.95408396472222 116.49815100777778
40.01655205944445 116.56676958888889
39.930211641944446 116.4958387836111
39.976594059166665 116.51581814194444
39.9540963675 116.49537846888889
39.9540963675 116.49537846888889
39.838213608333334 116.49033204194444
39.838213608333334 116.49033204194444
39.9398735375 116.5056667813889
39.9649159675 116.53142208472222
40.0229559025 116.47726651027777
39.98046567138889 116.49434565305556
40.015667425000004 116.56669189888889
39.8547087325 116.49428088527777
40.01307600444445 116.56359477972222
39.97804955694445 116.5318788163889
39.96899621916666 116.49679041083333
39.977838850833336 116.52098447444445
39.89629346305556 116.57608337944444
39.893160430555554 116.57631520861112
39.919492887500006 116.58413632194444
39.9216057375 116.5181185675
40.013076601111116 116.56359433916667
39.850990120000006 116.48683414416668
39.89868593916666 116.56553242361112
39.886375373611116 116.52781697972222
39.92009578305555 116.54237215638888
39.92029139416667 116.5424660613889
39.9223979525 116.50178814972222
39.89136296805555 116.48063295583333
39.97459970472222 116.54745391527777
39.9540963675 116.49537846888889
39.913530647500004 116.61649759583334
39.92009578305555 116.54237215638888
39.965908274166665 116.47047762083332
39.15187032527778 117.13916929055556
39.1383953775 116.20382644055555
40.4684509425 116.00170906638888
40.468155708333335 116.00137876916666
40.36338667138889 115.97076214138889
40.52968625972222 116.1671144675
40.47843397194445 116.02236427972223
40.37234730694445 115.90389000972222
39.20941781972222 115.91810786666667
39.141021055833335 115.71934748722222
39.13769459361111 115.71789504361111
39.138771221666666 115.71792163083333
39.21108397277778 115.76320995583333
39.26629144361111 115.79303131027778
39.26458931527778 115.79824200555557
39.26409462027778 115.80355490250001
39.26670057305555 115.800435625
39.26684410916666 115.7904735813889
39.26799504638889 115.8010637386111
39.13931629611111 115.71826607666667
39.13841108416666 115.71828992805555
39.138917702499995 115.71795272305556
39.266976496111106 115.78752952722223
39.26914454805556 115.78452401249999
39.26803246194444 115.78295780083333
39.268032471388885 115.78295778305556
39.261590875555555 115.8130415925
39.265753538055556 115.80056476861111
39.260838085555555 115.80001729638889
39.264432348888896 115.79913732361112
39.26937956583334 115.77598641472221
39.742565847222224 116.15122043361112
39.726204808055556 116.14545962083334
39.751300640833335 116.2017888336111
39.764817010277774 116.22196026388889
39.764846105000004 116.22205135888889
39.739190058611115 116.14987580555555
39.73744121472222 116.14876416694445
39.720270123055556 116.13699655666666
39.72305026972222 116.14867577472222
39.70586055416666 116.12382058166666
39.72305244694444 116.14156324666666
39.75213451472223 116.14167142416667
39.68375530833333 115.9832023111111
39.69214451333333 115.98607241472223
39.742239463611114 116.14226599472222
39.73918978083333 116.14987580555555
39.691499945277776 115.98567719861111
39.697285889722224 115.99152085499999
39.24537853666667 115.98823557194446
39.32856677527778 115.87453169583333
39.315755306944446 115.85368490611111
39.314313758611114 115.8521390386111
39.3262816425 115.86034268555555
39.31764266527777 115.87469761916667
39.325945555555556 115.86075569750001
39.3317802475 115.86380459527777
39.33066441305556 115.86309183055556
39.33034805444444 115.86289695416666
39.33023520527778 115.86346519583333
39.33157847694444 115.87495003361111
39.318538974166664 115.85552970805556
39.13006518583333 116.04701864083333
39.32183750638889 116.04241534305555
39.33061785972222 115.86306528722223
39.330139270277776 115.86276227611111
39.12512212972222 116.04284454916667
39.32997972944444 115.86266495833334
39.32095686777778 115.85701002083334
39.353221052777776 115.88278154583332
39.32618990416667 115.87976122833334
39.32669881305556 115.88620926527778
39.3246025725 115.85928914138889
39.4250087125 115.94125215027778
39.377854354722224 115.79469968472223
39.56055439027778 115.99538441916667
39.559101571388894 115.99393408138889
39.55976434888889 115.99533974888888
39.50651372472222 115.96829780166667
39.48849626861111 115.96445853638889
39.54260483861111 116.05294134694444
39.473064889166665 115.96434311861111
39.48459925361111 116.02535486583332
39.48433872083333 116.05021630527779
39.49725929361111 116.02965529361111
39.47662035222222 115.96622294916666
39.49326828777778 115.96525890305556
39.49325575277778 115.96530469944445
39.51593980777778 115.9691537313889
39.51766870777777 115.97015931138888
39.51757035805555 115.97000700638888
39.50208923055556 115.96658619472221
39.48664386861111 115.9644991425
39.48426985777778 115.9634201236111
39.40474429638889 115.92236660472223
39.48427908888889 116.05611236861111
39.484263483611116 116.05731850027777
39.49728710972222 116.03034734611111
39.49758639555555 116.02892612583334
39.54605675361111 116.05298936805555
39.54729027194445 116.05295609472222
39.49397210083333 115.98584177083333
39.49518365416667 115.9654315475
39.492443377499995 115.96577113916668
39.49407953083333 115.98235259861112
39.46897249194444 115.96359596805554
39.49021369638889 115.96494419222222
39.48946252083333 115.9647207825
39.48919519972222 115.96467399194444
39.48813269833333 115.96436497638888
39.492610298888884 115.9652196675
39.49163932194444 115.9651206225
39.49091388944444 115.96505818861111
39.8845065525 116.97530278111111
39.89010567583334 116.97507285694445
39.89241302638889 116.9807255513889
39.889148831944446 116.99221389833333
39.89325714472222 116.98455884527777
40.413272655 115.51945059972222
40.41150080916667 115.51938748250001
40.40808573527777 115.52197885555556
40.40813509472222 115.51956330583334
40.41266901861111 115.75228569472222
40.44019109861111 115.51714516722222
40.447226255833336 115.51858260416667
40.4472735675 115.51858934250001
40.44330209805556 115.51728008194445
40.416430979999994 115.75825973472222
40.33375973194445 115.81053322944445
40.406809233055554 115.52162400444443
40.407105663888885 115.52053605555555
40.28562061361111 115.54423451972221
40.25587839 115.51121570916666
40.36267125583333 115.54026070472221
40.3986026025 115.51665987805555
40.398674423888885 115.51634975138889
40.39342144027778 115.51363424583333
40.40896048027778 115.51913369972222
40.36035453972222 115.53985311138888
40.2613884275 115.5483368975
40.26091451388889 115.54838341972221
40.40812419388889 115.51629545138888
40.40776199777778 115.51625172305556
40.33434577722222 115.81284895583335
40.40282810805555 115.52101940388889
40.39822570722222 115.51663608638889
40.40022514861111 115.5145429875
41.03780689305555 116.94549269472223
41.03793774527778 116.94655359638888
41.07850220638889 117.03515102305556
39.43025843805556 116.31141827138889
39.436654866666665 116.30907438583334
39.66994218194444 117.13586445888889
39.75903881916666 117.00877555611112
39.75167848583334 117.01058861361112
39.67188390027778 117.14185262527778
39.65946672305555 117.08976178111111
39.76235984916667 117.01564077194443
39.76512589805556 117.02180319583333
39.765600101388884 117.1348770486111
39.76565338527778 117.13829135416667
39.76536878583334 117.13701190722222
39.75994186361111 117.00442685027778
39.75945980083333 117.00458835083333
39.759446268611114 117.00489026916667
39.75374034694445 117.00974898277777
39.503905870277784 116.69744423361111
39.320656711944444 116.83754169027777
39.32257253416667 116.76578592027778
39.49340331916667 116.69735973249999
39.46445563305556 116.67545863250001
39.51303876694445 116.68779407194444
39.49841304416666 116.69726503194444
39.467140343611106 116.68181207972223
39.24295587138889 116.84065263416666
39.943478265277776 116.81838853694445
39.94348756083333 116.81813263333333
39.98482598138889 117.05772745444445
39.98512377972222 117.05650575222222
39.982648153611116 117.08710958777777
39.98504115361111 117.05934595972222
40.000001633611106 117.16279668694445
39.98508877027778 117.05997543222222
39.987470513055555 117.08341969972223
39.95969637472222 116.79599455527779
39.98283814861111 117.0634122836111
39.982247102500004 117.06345890916667
39.98426734194444 117.05347996583333
39.94348434194445 116.8182855875
39.94350201972222 116.82156520611112
39.987576258055554 117.07805012805555
39.98756126944445 117.07782937305556
39.948409676388884 116.84039316611111
39.98751860583334 117.08358166527778
39.993830735277776 117.05605628138888
39.95820639666666 116.80981343694445
39.13863009277778 117.2795594675
39.12887299638889 117.2262299325
39.108643353611114 117.262568695
39.149866378055556 117.23919237333334
39.940360755 116.08940759722222
39.94220164722222 116.09650515805555
39.959586834722224 116.1059058675
39.911131672500005 116.21530212166667
39.89433421083333 116.21826337972223
39.93340209805555 116.1563315075
39.88072915194444 116.39442829444445
39.88276444361111 116.39520213805557
39.9428373425 116.38971078972222
39.943445073611116 116.38892403083332
39.88263524027778 116.39333139027778
39.88110434777778 116.39684088861111
39.88251884055556 116.39332498083334
39.88882932138889 116.3899956263889
39.881156177499996 116.39705385194445
39.880736832500006 116.39464365305555
39.933835647500004 116.36831145777778
39.94835274194445 116.3767376513889
39.151077343611114 117.20738310638889
39.17095584944445 117.22138923277778
39.158562216944446 117.22545716111112
39.17072708916667 117.23869279472223
39.17659719277778 117.22117851305556
39.1279325625 117.14141187
39.143254631666665 117.12209824888889
39.1091270075 117.16170243194445
39.3110401725 116.49374045527777
39.312385614166665 116.49820273055556
39.31070006638889 116.4973470086111
39.31060877583333 116.4972912075
39.309312053333336 116.4938147125
39.30814273277778 116.49380231333333
39.30978715444444 116.4942919925
39.323808998888886 116.49993915
39.31041543027778 116.4937769675
39.309670036944446 116.49378733083334
39.309456770833336 116.49432694888888
39.31051845694444 116.49732729916666
39.325970936111105 116.50533465333334
39.32635337027778 116.50046983861111
39.31906314083333 116.4991587225
39.32517611972222 116.50014527972222
