39.358391259166666 115.58079961194446
39.35805809694444 115.51372132833335
39.36160309305555 115.48321965361112
39.36141246666667 115.48709157222223
39.36238977805555 115.47871748583333
39.361725487499996 115.48160410083334
39.361758271944446 115.48116324972223
39.350984842222225 115.48726918861111
39.36548578916666 115.46129679250001
39.36200917472222 115.47811265055556
39.36176014694444 115.48110401888889
40.38510623916667 116.88889048138888
40.36420874416667 116.85475484472222
40.355590149166666 116.79338749472221
40.35699553583333 116.79702728555556
40.35535924416667 116.79459759805555
40.3552892225 116.79382979666667
40.374605773055556 116.86478986444445
40.377150506111114 116.8670753175
40.37352151083333 116.86198163972222
40.35756954194444 116.79983104722221
40.368964704166665 116.84158072888889
40.36561357361111 116.81987855861111
40.36572940138889 116.82013917361111
40.36559685472222 116.81978833194444
40.365710739166666 116.82011422138889
40.37364128722222 116.862712425
40.35562661083333 116.79338489972221
40.35647897555556 116.79401043916666
40.35557643305555 116.79357208083334
40.35559750361111 116.79324644305555
40.35560017638889 116.79315923277777
40.35566141583333 116.7939353925
40.35605488583333 116.79396496361112
40.35560138694445 116.79318277694445
40.35565683138889 116.79946638694443
40.35560220638889 116.79931638888888
40.37851626138889 116.8256254025
40.36575333472222 116.82014144916666
40.35624751583334 116.79497346138889
40.37456138861111 116.8646831213889
40.374588367499996 116.86474380194444
40.36790242916667 116.86155162194444
40.35650470222222 116.79670693305556
40.37735818083333 116.86898587361111
40.3774601575 116.8692721625
40.38312713777778 116.88440747972223
39.12932090111111 117.20186847194444
39.12933058388889 117.2017287025
39.11706187805555 117.20418345833333
39.11705952722222 117.204261945
39.117184699444444 117.20368981555555
39.12978326277777 117.197057485
39.145256636944445 117.0338655025
39.1334620375 117.09373999194445
39.131225412499994 117.09102005277778
39.128198735277785 117.10087787805556
39.12888687972222 117.10044117333334
39.117125881944446 117.10160450194445
39.116211908055554 117.1017978725
39.11621111361111 117.08535783361111
39.133422870833336 117.08913380527778
39.117228875833334 117.10160001
39.11588758138889 117.10063473527778
39.1355664275 117.10012450194444
39.11630894861111 117.10179012083334
39.11594195444444 117.07968610583335
39.152280651388885 117.11231086472222
39.13546263638889 117.1001492813889
39.149985228611115 117.07083419944445
39.150330425 117.07076709138889
39.1500196775 117.07130043138889
39.13599481944444 117.10008044861111
39.11859518861111 117.10138666138889
39.1538527725 117.12264056416666
39.1229807025 117.06096989638888
39.15376089222222 117.12208440361111
39.15377113888889 117.1222619163889
39.14994579694445 117.07192089805555
39.12822063888889 117.10152931277777
39.128199063888886 117.10087808027778
39.130985276666664 117.09104302805555
39.12062390861111 117.04341426472222
39.14163171333334 117.03338583305556
39.150535257777776 117.07386053777779
39.11608964444444 117.09440130583334
39.116065381666665 117.09304157472222
39.11573447861111 117.10191039416668
39.14029096777778 117.01600549861111
39.15039087861111 117.07185805083333
39.33911087027778 117.08265891416666
39.34075003805556 117.08094822472222
39.41053260527777 117.09170296305557
39.35624218472222 117.06700395722221
39.41105012611111 117.09193003527778
39.18049932361111 116.89394046305556
39.38675491972222 117.05255696249999
39.45197398916667 117.05711918444443
39.410534246944444 117.0917009975
39.38690246138889 117.05451269583334
39.386710998055555 117.05271553944443
39.36185727083333 117.07222373527777
39.360726381388886 117.07274027277778
39.38683876361111 117.05226259694444
39.340873053888885 117.08082943583332
39.34068781805556 117.08099536194445
39.35464467194445 117.0770726213889
39.35634522694444 117.06679537916666
39.354272887222216 117.07450071972222
39.360335722777776 117.07236337305557
39.35777913138889 117.06337037138888
39.35466513694444 117.07725810138889
39.356801375833335 117.06568571361112
39.35788844027778 117.06314284583334
39.35762644277778 117.06374279222221
39.18028919194444 116.90081269083333
39.14686218694444 116.38827786555555
39.13591196777778 116.72573296638889
39.124548151388886 116.38852109972223
39.10551424416666 116.37138006472223
39.13467090805556 116.38882846638889
39.14682706916667 116.38891270027777
39.147183721944444 116.38889316694444
39.14642528805556 116.38798418583333
39.13171013083333 116.38904413638889
39.131943319166666 116.38903443416666
39.13668432527778 116.72513821805556
39.127295223055555 116.72600883277778
39.13619962027777 116.72613904805554
39.10705970027777 116.72430779722222
39.10236453472222 116.3782228375
39.147659401944445 116.3924250486111
39.141304114166665 116.39636136361112
39.14097509194444 116.39648500444446
39.13812957388889 116.39913789472223
39.10525021583334 116.37223719083333
39.12965397861111 116.42887216305556
39.13145192361111 116.38904966527777
39.130164406944445 116.40197127916667
39.140460252500006 116.3974905625
39.14744798305555 116.38887663888889
39.147396129166665 116.38827560583333
39.146862248055555 116.38827783611111
39.146239225833334 116.38812315388888
39.13525502694444 116.38867923138889
39.147492899166664 116.66624285750001
39.11236210638889 116.41364324083334
39.14816326444445 116.39274880222223
39.11765616527778 116.40341916416666
39.94039727305555 117.5402071136111
40.96847851416667 117.37561016194445
40.93790015361111 117.34093065972222
40.405056039722226 117.49867367194445
40.39879347555555 117.51825703305556
40.40054844666667 117.51271500333334
40.40705298388889 117.50210624694444
40.40738973638889 117.50255712833334
40.40730847361111 117.50243289305556
39.87084422777778 116.44435537555556
39.85590904611111 116.46379582916666
39.864861133611114 116.26406065249999
39.89394878527778 116.27467856638889
39.88487351805556 116.26680628805555
39.865847953333336 116.22995944277778
39.85365525666666 116.24521288583333
39.890486323888894 116.27297124472221
39.85770781555556 116.31378918527777
39.82956849861111 116.35008842416667
39.8273316075 116.34449293416667
39.83050565833334 116.37100752361111
39.85773273611112 116.31214863222222
39.85771650861111 116.31176007194445
39.85611951638889 116.31307250972223
39.87106511166667 116.32062292916666
39.86843657138889 116.31755264305555
39.856141055833334 116.31331717777778
39.85608900361112 116.31245959638889
39.85836518916667 116.31432537555555
39.8617263325 116.31485358222223
39.871856834722216 116.26296047972222
39.85758050361111 116.30514734083334
39.83163021694445 116.34196224027777
39.8315022675 116.32333219583334
39.83022941416666 116.35118144583333
39.831393249166666 116.32681077083333
39.829330140833335 116.31743105583332
39.83148696222222 116.3277400975
39.82962030027778 116.32898376972223
39.83174620472222 116.31228349694443
39.83198745916666 116.323712825
39.810716624166666 116.2927127375
39.814762730000005 116.20687383472223
39.809993784722224 116.15790782194443
39.85605771555556 116.31505101361111
39.85813339111112 116.25155820805556
39.846679844166665 116.25918473722223
39.83161566472222 116.3108442125
39.84391065305556 116.29658874361111
39.85745973194444 116.30875801472223
39.87019039972222 116.30835838527777
39.87655997527778 116.29583246972223
39.86306688888889 116.30983446722223
39.86756158277778 116.3064700088889
39.88508977805555 116.26504398694445
39.884844091666665 116.26808082472222
39.89129285916667 116.27270092361113
39.89329431972222 116.27469738027777
39.83962531916667 116.27080537305557
39.86451351138889 116.23122011694444
39.87175266916666 116.23145260861111
39.86442695111111 116.2313042336111
39.87279768861111 116.25742608972222
39.87435978277778 116.2890668286111
39.86577016527777 116.23063194138889
39.86839022361111 116.31665239861111
39.85611007416667 116.31227505972223
39.856080606666666 116.31161901527778
39.85627309861111 116.31112165972222
39.85744516194445 116.31211630666667
39.856312975277774 116.31393040027778
39.85608087944444 116.31177738861112
39.85624234861111 116.31468026972222
39.85627115361111 116.31463184027777
39.85627762861111 116.31373415972223
39.856234604166666 116.31359525861112
39.85634091361111 116.31433623888888
39.86842227416667 116.31717322555555
39.85768517388889 116.3108209725
39.85611298138888 116.31266974666667
39.85523825138889 116.39366345583333
39.849674209166665 116.32971644694445
39.84963596194444 116.33034537055555
39.84996413 116.33141089499999
39.85619311027778 116.31479856333333
39.85628017083334 116.3145469436111
39.85634030416667 116.31414807361111
39.84848601805555 116.32939500305555
39.880726699166665 116.31172083972223
39.85907849805556 116.25421467166667
39.85868992388889 116.31447823416667
39.87279768861111 116.25742608972222
39.82998643111111 116.31392020361112
39.83149995888889 116.32089323277778
39.83148609277778 116.32728184305554
39.86951595916667 116.31342724250001
39.87056472027778 116.2954956025
39.89023627416667 116.30702518527778
39.85236112527778 116.35712338444444
39.85598782555556 116.3151155825
39.82908594861111 116.31368320888888
39.82670582972222 116.344251195
39.788288924444444 116.31371276416667
39.830493591111114 116.41947899750001
39.859847037222224 116.42245349638888
39.83073186027778 116.41704441194445
39.830700132500006 116.41857128861112
39.83001034138889 116.35001443305556
39.830364294166664 116.34957741361112
39.85217511611111 116.35320681249999
39.85255617333333 116.35442083027777
39.86626020194444 116.42607535805554
39.84206875694444 116.20466492694445
39.81111306416666 116.31245927305555
39.85661532166667 116.37922648833334
39.85775978416667 116.31332546611111
39.85759039194444 116.30559705861111
39.859369146944445 116.42258720583332
39.79038243972223 116.31537819750001
39.852375745277776 116.35722554138889
39.8302045525 116.35079727527777
39.870820548055555 116.42769918777778
39.858082824722224 116.42926391472221
39.830741744722225 116.417547825
39.83343396083333 116.43205327083334
39.85141067 116.25729475416667
39.86215735416667 116.34840689694444
39.86245005194444 116.34835348527778
39.861757806388894 116.34851541583335
39.85520821027778 116.37253461027778
39.855538152777775 116.37309444583333
39.83275954138889 116.3766788063889
39.83041660472222 116.37159554944445
39.8302813975 116.35043232527778
39.830027331388884 116.3495809875
39.853317250555556 116.35628734138889
39.85296157916667 116.3554324561111
39.79164397583333 116.31448826249999
39.82498626805556 116.33025687083334
39.78989841916666 116.3147768438889
39.831567121944445 116.32280520861111
39.83197827833334 116.32325987749999
39.829937654999995 116.32196146944445
39.81159461305556 116.31338045749999
39.81123919638889 116.31340530972223
39.83150357833333 116.32059647694444
39.83198495583333 116.32341410805556
39.831985232777775 116.32356221361111
39.829236538888885 116.31820686027778
39.85835604138889 116.31417868305556
39.855483138888886 116.31499721388889
39.830769526944444 116.41988097833334
39.81921244888889 116.40273231361111
39.83530013638889 116.3803359225
39.85359027916667 116.35821161027778
39.85374289305555 116.35696797305555
39.868660410000004 116.3401879025
39.86306573833333 116.3485554025
39.856132591388885 116.31324230166666
39.856074596666666 116.31167802194445
39.85573688638889 116.30811543805555
39.83253178138889 116.37515844416667
39.86567288416666 116.43832560666667
39.85478137305555 116.44428363722221
39.85250703222223 116.3579762625
39.81137825305556 116.31157364944444
39.83587377527778 116.31231243861112
39.782669265833334 116.30551889388889
39.866428006944446 116.30938765333333
39.830626602500004 116.41616763083334
39.83070228527778 116.41808270138888
39.83012353861111 116.41762483722222
39.857708200833336 116.3074900636111
39.85568957083333 116.30789306194444
39.86956939416667 116.28051292583334
39.84323765027777 116.31360354249999
39.85937193361111 116.34631827472222
39.82999372194444 116.35080754694445
39.82998234944445 116.35035684277777
39.82976044388889 116.35170837861111
39.82992230166666 116.3507930613889
39.83150203777778 116.32216545916667
39.51579428527778 116.73817810916667
39.51357371416667 116.74225664305555
39.51463558916667 116.73827385972221
39.51393144027778 116.74130680916666
39.550458723333335 116.72389272305556
39.532084411666666 116.75330805583333
39.573047808611115 116.74873520722221
39.58500342916667 116.73730604861112
39.51322976861111 116.7390263813889
39.573098308888895 116.74921599305554
39.573005135833334 116.7483063061111
39.5733910575 116.74744625138888
39.57300507194444 116.74810577916666
39.572949900833336 116.748652015
39.5729228025 116.7482678838889
39.580259976388895 116.77729271249999
39.503116998611105 116.73940824527779
39.51973792583333 116.73718535694444
39.51903336861111 116.73713080333334
39.50254747305555 116.73281911583332
39.502965431388894 116.73266382888889
39.57306984694444 116.7490055236111
39.573353759722224 116.74634977305556
39.573391540277775 116.74744611638889
39.58515767472222 116.73778293805556
39.584764091388884 116.73546613805556
39.57401353805555 116.76324968833335
39.532121205833334 116.75368080222222
39.57296668194444 116.74891195138889
39.51972006027778 116.7371904325
39.513502639722226 116.74152883277777
39.51351535861111 116.74168148305554
39.52077051194445 116.7369370813889
39.50337187305555 116.73938770083333
39.51449312472222 116.7383468325
39.515584968055556 116.73820775138888
39.518309485277776 116.7378212736111
39.51394393583334 116.74149662166667
39.51809514666667 116.73625145472222
39.51355760638889 116.742107715
39.51362066388889 116.74268905694444
39.50330779722222 116.73229355083333
39.51757189916667 116.7327929625
39.51323250972222 116.73902484027778
39.51880909333333 116.73715973861111
39.51954035083333 116.73709613277778
39.51481865666667 116.73826041361112
39.51318628944444 116.73856975194445
39.51444708638889 116.73829990722223
39.51279694694444 116.72490221972221
40.12798196861112 116.58498880777778
40.133619351111115 116.70344677305556
40.09941799444445 116.65837937972222
40.09110361055556 116.70048399222222
40.078841159166664 116.66303563472222
40.120446740000006 116.59823775055557
40.11983185416666 116.64163122277778
40.1179203625 116.57422966694445
40.11730825361111 116.61951292027777
40.1173110725 116.61962165638889
40.128378894166666 116.58477702027778
40.1292926175 116.5848174975
40.21019857305556 116.50795893416667
40.1141413825 116.56192343694444
40.119052286388886 116.62916515138889
40.05639048944444 116.66483546777778
40.11159479888889 116.65093823166666
40.11173089583333 116.65277110777778
40.11462454972222 116.56222393305555
40.17499861305555 116.64187950916666
40.117183105277775 116.61399391638889
40.12963533083334 116.61046888277777
40.12042390111111 116.59746754416668
40.09943980111111 116.65875759027777
40.09943526527778 116.65816482
40.099439851944446 116.65888502583333
40.138234760555555 116.68101357277777
40.11642280638889 116.63367204333333
40.06230700472222 116.57580575694445
40.12271530138889 116.58804238416667
40.23169680583334 116.85873311111112
40.056107251111115 116.66436826972223
40.1544113 116.6389234636111
40.13865517722222 116.62846523138889
40.13866891 116.62828406972223
40.11730819527778 116.61922085416667
40.11730885416667 116.61938552916666
40.16912151416667 116.641622425
40.22955038638889 116.7647131475
40.1183209 116.5827256875
40.11807399944444 116.58214071500001
40.11517875527778 116.56254101
40.114471681944444 116.56214182833334
40.11374393916667 116.5615967913889
40.120090456944446 116.59729091305556
40.12050502499999 116.59750424527778
40.11793512472222 116.57475894972222
40.11847607138889 116.6188305375
40.12865793305556 116.58489955388889
39.816950653611116 116.5547898913889
39.93751337194444 116.65740048916666
39.93510936527778 116.65787227638889
39.948038904722225 116.68487497194444
39.86955380194445 116.63497007194444
39.865392371111106 116.66230197083333
39.8660071175 116.66225637361111
39.875125150277775 116.6655752675
39.918949035833336 116.6385953175
39.90566621972222 116.65761676916667
39.94111519583333 116.67168816527777
39.90686407027778 116.62398932416666
39.890377900833336 116.65453718416666
39.889915627499995 116.70902081916667
39.92641078277778 116.6455946125
39.863005871944445 116.66488442166667
39.991098918611115 116.67669147916666
39.93710189611111 116.65744725416667
39.88989933194445 116.65408653972223
39.90701343333333 116.62287561972222
39.90766528583333 116.65130021416667
39.86881369666667 116.63442246583334
39.889596445833334 116.653867895
39.937494190833334 116.65741802083333
39.99006430416667 116.67719826722222
39.86298833805555 116.66425626111112
39.88452388305556 116.71403869305556
39.88453885027777 116.69108572138889
39.86721775833333 116.708260755
39.38572671638889 115.68777565444445
39.38573348194445 115.6897889436111
39.383973365833334 115.72712180666666
39.38352747305556 115.72882602555556
40.05064266416667 116.2546046763889
40.052153832500004 116.25165803972223
40.051431225277774 116.25413582305555
40.05067466416667 116.2534399275
40.048183003055556 116.24549922888889
40.050639000833336 116.2505862775
39.947713987499995 116.25024488194444
39.97248174138888 116.25549716583333
39.95407068305556 116.22757752194444
39.97875648777777 116.37988511583333
39.98529633111111 116.33705644999999
39.984035768055556 116.339995785
39.98441311833333 116.34034608
39.97136239861111 116.37717475833334
39.97242771416666 116.2535246575
39.972443131944445 116.25368080805555
39.92498276638889 116.25143620222222
39.92574045638889 116.24218922611111
39.926151875833334 116.23662913055556
39.92631969972223 116.23965875638888
39.926530264166665 116.24026467472223
39.97839029027778 116.3385723236111
39.954267252777775 116.22825407944445
39.94703319777778 116.23436240944444
39.97912777527778 116.22397486527777
39.95303268027778 116.22816053000001
39.93346802694444 116.22106031916667
39.933079757222224 116.21581579250001
39.933101292222226 116.21765911638889
40.0435246275 116.25472713805556
39.931420527777775 116.31082972194444
39.93094247083333 116.31084218277778
39.993184174444444 116.29219823694446
40.05058508027778 116.25196458805556
40.05074510638889 116.25128685749999
40.05065577083334 116.24973229833334
40.05058908027778 116.25626894305556
40.051139899166664 116.25608993972222
40.055349094444445 116.32767185666667
39.94745886027778 116.26162487583333
39.94834685361111 116.26053819555555
39.94881119861112 116.26038977222223
39.95731472194445 116.26777813694444
39.96001818138888 116.26640916361112
39.959225151944445 116.2663304225
39.95974939833333 116.26648867583334
40.01793190194444 116.35104122722223
39.98234624305556 116.21108605305555
40.03344979861111 116.28395036972222
39.99096251583333 116.19984603166665
39.984548628055556 116.31038929388889
39.92617272527777 116.23802811750001
39.92670032583333 116.24249096194444
39.9502641925 116.25224000194444
39.925759402500006 116.24168098472222
39.92379647944444 116.25753117194445
39.9724605075 116.2546018525
39.97395312972222 116.24772790722223
39.97269738472222 116.25988470055556
39.97256368638889 116.25685405805555
39.972700420277775 116.25951479472222
39.9714869425 116.25698117972222
40.052229342500006 116.25507028583334
40.05166577166667 116.25563938916667
39.94749008305556 116.25838487583334
39.94753079611111 116.25843787861112
40.02551905416667 116.31296477527778
40.02540101722222 116.3129647636111
40.04834793305556 116.33281384749999
40.04447870083334 116.33565706805555
40.042166532777784 116.33094095
40.04385412777778 116.33618987305556
40.04109456027778 116.33839038083333
39.936576646111114 116.31931692472223
39.937549009722225 116.31936939027779
39.92894460083333 116.31084330666667
39.972505595 116.2562744786111
40.052024825555556 116.25314692555555
40.05150249444445 116.2557889163889
39.9384217325 116.31901318472221
39.983757085 116.34025717749999
39.93707154944445 116.31955500527778
39.972600803333336 116.25792623361112
39.97255368416666 116.2565211663889
39.93018490138889 116.27449659805556
40.051383834166664 116.25587595111112
40.00952437805556 116.3518869213889
39.94789352083333 116.25202847444444
39.94667582305556 116.25648862
39.97839029027778 116.3385723236111
40.04312750305555 116.33086479472223
39.948479221388894 116.26173047361111
39.957777703888894 116.26616966750001
39.972057614166665 116.27684462472223
39.96775740972222 116.27629420416667
39.95953717194444 116.2663776175
39.96322094055556 116.31279459194445
39.98725694694445 116.35006994861112
40.009813996944445 116.35704120027778
40.04760357361111 116.33346217694445
40.04422894361111 116.32939765777779
40.04333089861111 116.3365509088889
39.987592837777775 116.35178428083333
39.973078103611115 116.33465318194445
40.050653213611106 116.25389248861111
39.98316475527778 116.34021533527779
39.95873358916667 116.26639349305556
39.987663285833335 116.35280955527779
39.93195898416666 116.31072430694445
39.97438726694445 116.25365374611111
39.93192879194444 116.29409139305555
39.93097119777778 116.27431297555556
39.9474897325 116.25828237833333
39.9756406725 116.37954117027778
39.92551987527777 116.24295266472222
40.022568479722224 116.31432417944444
39.983919623611115 116.33968923583335
39.949109621944444 116.26182287083334
39.99183487972222 116.29651723111111
39.983440702500005 116.3402682713889
39.99225026138889 117.28760193138889
39.972099596666666 117.41618140805556
39.976862337499995 117.41644893750001
39.9811618875 117.41324818694444
40.044895861111115 117.42899565750001
40.04775840305556 117.44438633833333
40.03008649694445 117.41713307694445
40.0328455375 117.40451630361112
40.033467925277776 117.41894475305554
40.02181125805556 117.41780145749999
40.03677191194444 117.40611409361111
39.97823454555556 117.4221255461111
39.899476916944444 117.40363369472223
40.0406303925 117.41703717166666
40.021596880833336 117.41791858527777
39.97549654166667 117.25134301638889
39.99764700638889 117.20434141638889
40.040184439166666 117.40462305749999
40.0002766975 117.41896188138888
40.0003733925 117.41897501361112
39.993624923333336 117.41797904472223
39.97957428972222 117.41990866361111
40.00424788583334 117.42021916472223
40.00239306861111 117.4193096661111
39.97774297333333 117.42241325305555
39.95624730083333 117.41153755916667
39.99029121472222 117.28843324638889
39.98987205638889 117.28164264777777
40.04180507638888 117.44440200833334
40.025160068055555 117.41777288055555
40.021924738611105 117.41773114333334
40.025288378055556 117.41777635222222
39.16556277583333 117.30426029305556
39.15935007861111 117.36694536722221
39.16060407861111 117.36823944583332
39.15926338138889 117.36902089861111
39.159282258888894 117.37543969527778
39.159788613055554 117.37103242805556
39.15970821361111 117.38076074972221
39.17589753083333 117.24754877638888
39.174481201944445 117.2474817636111
39.174813656666664 117.24743638916667
39.11693462861111 117.31247925138888
39.17688183638889 117.24908723027778
39.148616920833334 117.28914555138888
39.159379719166665 117.37785688527778
39.16053261305556 117.36726500527779
39.16110208611111 117.37520074638888
39.160879898888886 117.37199078666667
39.1596761275 117.37412408249999
39.159627255277776 117.37534043527778
39.16120541694445 117.38004053472223
39.15885240027778 117.36819492777776
39.15968550972222 117.37931938000001
39.16013821083334 117.3358107575
39.161205064166666 117.37672811638889
39.1594564025 117.3723743513889
39.11766514222222 117.31050711638889
39.117752770555555 117.30941969972221
39.15972762305555 117.37791122805555
39.115219133611106 117.31385734444444
39.11636299194445 117.30629466861112
39.11762658416667 117.31138007305556
39.14908835305556 117.29036569499999
39.15839485694444 117.36340746805556
39.1590620375 117.37211975333332
39.15911616305556 117.37283887416666
39.15966129694444 117.3800981236111
39.15970678583333 117.3767959013889
39.16121503638889 117.37912518027778
39.15951233361111 117.36594596944444
39.16343428194445 117.36935194861111
39.159475048611114 117.37275275555555
39.158816205 117.36730372194445
39.16068055527778 117.36943301611112
39.15877692527778 117.36656757277778
39.1185088025 117.28859733305556
39.16118133638889 117.37749844416668
39.15883037 117.3676910763889
39.116357048055555 117.30615276138889
39.17440052166667 117.24748486083334
39.17688651138889 117.24908039305555
39.174607934722225 117.2474721013889
39.161222055833335 117.37805291194445
39.16116605083334 117.37621637916666
39.15955276138889 117.36591103833334
39.15931362916667 117.38016735083333
39.1596263575 117.37295878138889
39.152157261666666 117.30063434694443
39.15355716916667 117.30632470416667
39.15171577638889 117.31712930388889
39.144339845000005 117.31844426583334
39.158398373055554 117.36340809027777
39.159188665277775 117.37380631694444
39.15973094027778 117.37745890583334
39.159229986111114 117.36838743194444
39.160635588611115 117.38108529750001
39.1745604925 117.24598588222223
39.17688183638889 117.24908723027778
39.16100468638889 117.37374746222223
39.16102910972222 117.3772331786111
39.15933013972222 117.36992549555556
39.159430435 117.3720356625
39.15968988805556 117.36715401527778
39.87325450916667 116.40927579111111
39.89288025083333 116.42766852972223
39.91541900277778 116.42247162916667
39.91626468138889 116.41861377722222
39.8716999025 116.41064343583334
39.87168426583334 116.40612036361112
39.916016078055556 116.42032008027778
39.95749241805555 116.40174405472222
39.9157918725 116.41924496833333
39.90943121222222 116.41227460527779
39.91581553527778 116.41972075805556
39.915865340277776 116.4216601411111
39.915778941944446 116.42388819083334
39.90736415083333 116.40904575027777
39.91540667361111 116.42264453444444
39.967352563611115 116.40827345916667
39.94907542972222 116.42631670249999
39.91581553527778 116.41972075805556
39.91528407777778 116.42035828555555
39.91582577638889 116.42522745138889
39.89960247194445 116.42698670222222
39.95746908694444 116.40089321833334
39.95747956027778 116.40148814
40.34681270361111 116.64296845527778
40.32793700861111 116.64427248416668
40.335819611388885 116.64437262
40.347894305833336 116.6500373975
40.31291612638889 116.64536683083334
40.31346497305556 116.64583489916667
40.29682639027777 116.64661580388889
40.37451585138889 116.68147884611112
40.3235043675 116.70306784722221
40.32673442527778 116.70451769638889
40.32370690611111 116.70310383222223
40.30740937027778 116.63705374722223
40.32279016138889 116.6859458
40.32128963361111 116.65928723916667
40.29675250416667 116.64761630166666
40.32588183055556 116.69980416361112
40.34189175638889 116.63577643027779
40.29612310583333 116.64862731138889
40.337995328055555 116.64490796166666
40.34939401611111 116.65035920166666
40.33045997111111 116.65629294138888
40.14595930388889 117.07397913527778
40.145789388055555 117.04546441722222
40.14542618111111 117.04624547583335
40.14559415861111 117.0756035186111
40.145595738611114 117.0752156663889
40.1527627025 117.10111171805555
40.153531244722224 117.10979857666666
40.145574233055555 117.0467259586111
40.14569953972222 117.04750582472222
40.14563712861111 117.04705197055556
40.14540294305556 117.04602278805557
40.15957071138889 117.12421177138889
40.15963117583333 117.12404833305555
40.14559525861112 117.07529153027777
40.126229163055555 117.12101280333333
40.125761671944446 117.12056037361111
40.12829575027778 117.12362672027777
40.159554710277774 117.12351424527778
40.15960016305556 117.12412430194445
40.137811193055555 117.10504237972222
40.145905685833334 117.0938380225
40.12541905111111 117.12020555805556
40.13748310416667 117.10505845472221
40.07746858694444 116.30998910888889
40.07369671916667 116.30717464611111
40.07436551861111 116.30831149277779
40.07314151166667 116.30777531305556
40.0764639775 116.30915426694443
40.0769378675 116.30839333305556
40.07477375444444 116.30525094194445
40.07621629305556 116.30936730222221
40.07601595 116.30836233361111
40.07786136138889 116.30995978416667
40.07394105972222 116.30877204027777
40.076657215833336 116.30888872777778
40.07719701083333 116.30880018222221
40.101849241388884 116.38134011583334
40.16876878722223 116.2461731813889
40.16983628916667 116.24564504861111
40.16982262527778 116.2456291486111
40.1437973425 116.25907527194444
40.11984488527778 116.27130701083333
40.12009009027778 116.27113410972223
40.11831474638889 116.27270164555556
40.22547279638889 116.19638688861112
40.225502300833334 116.19576854305555
40.20979335944445 116.22285850861111
40.20009490305556 116.21872214694444
40.090855671111115 116.41393990416667
40.199561201388896 116.16904187305556
40.07572179027778 116.30737594527778
40.07480715416667 116.30596157555556
40.10130819416666 116.38047095777777
40.09780765638889 116.41843658472222
40.093147010833334 116.41595785638889
40.06132087916667 116.41274919
40.10189908583333 116.38164549583333
40.139870870555555 116.26233937694444
40.12015943805555 116.27107759055555
40.09502223027778 116.41586046388889
40.09437081972222 116.41496956333334
40.08975849916667 116.41399204694444
40.0898097825 116.41398879472223
40.093342517500005 116.41768208111111
40.09178824083333 116.41382460972221
40.09230111749999 116.41385763805555
40.089779944722224 116.41398855416666
40.09247849527778 116.4143021911111
40.09159297555556 116.41384464361111
40.092043850555555 116.4147523475
40.094836789999995 116.41509169305554
40.0945432675 116.41481690861112
40.0767043175 116.30809192694444
40.07595045555555 116.30890593138889
40.076714423611115 116.30884172944444
40.0951093075 116.41636839138889
40.09127206138889 116.41475554249999
40.09204146027778 116.414751095
40.1012399475 116.38097917611111
40.22547877277778 116.19864538666666
40.07496546416666 116.30773547555556
40.07354349083334 116.30926095111111
40.07329112666666 116.30683743527779
40.07599876277778 116.30898815916667
40.07706336611111 116.31057041972223
40.076772640277774 116.30962917805556
40.075761603611106 116.30860981861112
40.07592769888888 116.3088691025
40.08390757805555 116.31849857861111
40.072921110833335 116.30838475583333
40.07310067583333 116.30965380361111
40.076464254166666 116.30876303027779
40.07712928111111 116.31003901916667
40.0626365825 116.41238003361111
40.09333291361111 116.41825649638888
40.09592425333334 116.41909577583333
40.09531613 116.41874813222223
40.092718785 116.41843936750001
40.0933025425 116.41868124000001
40.09600520555556 116.41993563361112
40.09377093055556 116.41877109222223
40.094656110833334 116.41843260027777
40.09510374138889 116.41753044777778
40.08303126861111 116.4152726986111
40.083370353611116 116.41538486
40.094207225 116.41928683694444
40.09545744861111 116.41949227972223
40.08531384916667 116.41472559361111
40.09272239 116.41791552805554
40.09541344 116.41916650805555
40.09382570277777 116.41876291055556
40.094100875833334 116.41874973222222
40.09449657083333 116.41998391722223
40.09549791055555 116.41394787527777
40.083514521388885 116.41538754472222
40.09452273027778 116.41542546138888
40.093236135000005 116.41679331805555
40.08984806222222 116.41398739916667
40.09247608583333 116.41403252194445
40.09746313583333 116.4179716513889
40.094691465277776 116.41538836083333
40.08134742805556 116.43729865972223
40.09381802805556 116.41467627138888
40.09317947861111 116.41541015527777
40.09334957083333 116.41474812027778
40.094464922499995 116.41484014416666
40.095734729166665 116.41537702555554
40.08965091305555 116.4139864925
40.09212870333333 116.41374209472222
40.09011980861111 116.41401346972222
40.089983700000005 116.41402057638888
40.09078217305556 116.41394985527778
40.09063260527778 116.41397626472221
40.09059022638888 116.4139840686111
40.09155612361111 116.41376311277779
40.09248083083333 116.41411942027777
40.09247845305556 116.41407279194445
40.09291969916667 116.4146876225
40.09417445277777 116.41554034305555
40.09437771222222 116.41543854638888
40.09476203166666 116.41511404972222
40.09468737361111 116.41512509194443
40.09458023194444 116.41512754472221
40.09447584805556 116.4151501336111
40.09444940916667 116.41542398388889
40.09085316111111 116.41380733861111
40.09588731527778 116.41794145861112
40.095787792500005 116.41705096749999
40.09404863694444 116.41795181972222
40.09333166472223 116.4173361586111
40.08691261805555 116.41409903138889
40.09265496638889 116.41702471361111
40.09584760111112 116.41762703555555
40.09782316638889 116.41874501333332
40.09456092861111 116.41814687888888
40.088570752500004 116.41402528083333
40.09267419555556 116.41736415138888
40.200119193055556 116.2183371175
40.076454246388884 116.30797627194445
40.076428782777775 116.3078052436111
40.07625260527777 116.30939938694443
40.07617569861112 116.3073221225
40.075014494166666 116.30519160527778
40.210400848333336 116.2226415286111
40.07436396944444 116.30671668694445
40.09063347638889 116.41397540083332
39.18982030388889 117.16301634027778
39.29645758805555 117.22625864583333
39.207401204166665 117.21278172583334
39.20523652694445 117.18407837083333
39.205372056111116 117.20714850638889
39.20335815861112 117.20619795972223
39.20772199083333 117.21696740805557
39.20841111361111 117.21570886916668
39.20823234388889 117.21648836333334
39.251484805 117.11712718722222
39.19708261777778 117.03233171694444
39.19776321083333 117.06381822305555
39.25532002 117.11443458444444
39.20729165694444 117.21678674305556
39.204988505555555 117.18431919555555
39.20572412027778 117.18361834083333
39.18645770055556 117.1724991825
39.201124647499995 117.18783964583334
39.20574115416667 117.183876295
39.20385145666666 117.18521750527779
39.28571542472222 117.10544982611111
39.214658014166666 117.22172931138888
39.23237145972222 117.22914906416668
39.2162085725 117.22219099055555
39.20880815027778 117.21638451027778
39.207079040555556 117.21230201472223
39.254968142500005 117.11464181694444
39.264380218333336 117.11155936833333
39.26315991472222 117.11202650555555
39.26377712388889 117.11180853638889
39.23251858111111 117.15299099138889
39.23257282472222 117.15289027916667
39.20626991583333 117.20861193777779
39.20333215749999 117.20617417305556
39.20426436305556 117.18486440527778
39.20484502083333 117.2093701325
39.20508358916666 117.20662171861112
39.20238017527778 117.18639331388889
39.20506386416667 117.18630004138889
39.20531461583333 117.18396772083334
39.28614533305555 117.10598487972221
39.26399012527778 117.11170930972223
39.232582352777776 117.1528144236111
39.20210889444445 117.18707253361111
39.20301859694444 117.1862545513889
39.215112722499995 117.22190910805556
39.20464276083334 117.18456143361111
39.254889066666664 117.1146828225
39.255217046388886 117.1145024025
39.194054386944444 117.07331687805555
39.20399091694444 117.18542277777777
39.20349178527778 117.20644395055555
39.20555941805556 117.20755212611111
39.20339378583333 117.20626058916666
39.203247697222224 117.20689016972223
39.20077856361111 117.18816640055556
39.21495379555556 117.22184433083333
39.21440595 117.22242217194444
39.20918891388889 117.21706139583333
39.20806440972222 117.21666718416667
39.19626187805555 117.19877812388889
39.21533494944444 117.22198776944445
39.29650093805556 117.22644999666666
39.19031562916667 117.08039231305555
39.191429731111114 117.19759386999999
39.208839223055556 117.21877365277778
39.208546705833335 117.21616042972222
39.203751142222224 117.18532271916666
39.20163334083333 117.18742034138889
39.20376911694444 117.18561259083333
39.204178640555554 117.18492099444445
39.20620192972222 117.18322808722222
39.20465552472223 117.18536774666666
39.20512463805556 117.18557100805556
39.20508838027778 117.18414349250001
39.2056555525 117.18367472666667
39.250612150833334 117.1733180275
39.279043442500004 117.10746270861111
39.19407052194444 117.07327089638889
39.2695801875 117.11364903527777
39.27923751666667 117.10741039749999
39.20833701861111 117.21917182555555
39.203495223611114 117.207160775
39.20585844583333 117.18354886694445
39.21461991138889 117.22236087249999
39.20131574972222 117.18766650111111
39.20176519416666 117.1873213975
39.20616967472222 117.21077751416667
39.21522179472222 117.22195299222223
39.20606164 117.09907193083333
39.20589202972222 117.20803824305555
39.20690000083333 117.15141316194445
39.23284545305555 117.15358482472222
39.20349758361111 117.20644479333332
39.20476990944445 117.20610604222222
39.23274010611111 117.15325204694444
39.19941780972223 117.04016990361112
39.21574006527778 117.22300244638889
39.21524578361112 117.22246559749999
39.19830654055555 117.20026114972222
39.205754016388894 117.21075222027777
39.20788140138888 117.21475353916667
39.20684481972222 117.2118377513889
39.208422166944445 117.2163003186111
39.207812814722224 117.21685866027778
39.2151667175 117.22269964472223
39.21471935416666 117.22230200194444
39.21661604111111 117.2222583725
39.24439976916667 117.17610188388888
39.75571727861111 116.27770006722223
39.81362390527777 116.50816560527777
39.812117103055556 116.51048214527778
39.81230834361111 116.50739796027777
39.81002347972222 116.51358484083333
39.80976542416666 116.51395009583332
39.80841608861111 116.51331647277777
39.81136122527778 116.51103190166667
39.811509638333334 116.50878767555555
39.80922340111111 116.51284392083333
39.81135621138889 116.50899962583334
39.810332038055556 116.51221616500001
39.76078945416667 116.38111586527778
39.7243918475 116.3148040225
39.75865401444444 116.3496385725
39.800113279722225 116.33111704527776
39.776183439166665 116.29619201249999
39.77609861416667 116.29583455166666
39.77627499638889 116.29642809805556
39.740730777500005 116.34565419305555
39.776465679999994 116.29712761888888
39.83179783305556 116.42879673638889
39.759493114722225 116.35126127472222
39.758357320277774 116.40235347361111
39.75863358888889 116.40235527083333
39.79925576111111 116.4511061538889
39.78476759027778 116.51751009611111
39.795134332500005 116.51304572583334
39.727662028333334 116.33455115805556
39.71764706416667 116.35565461638889
39.72370866 116.3465767686111
39.75947228305556 116.35081481527779
39.76374779333333 116.37630028361112
39.783101952777784 116.34442356805555
39.7806540775 116.34145103555556
39.78076124305556 116.34200971916667
39.799073534166666 116.32944749527778
39.79898866972222 116.3293026775
39.77693475861111 116.33882220583334
39.77587244138889 116.29513689138889
39.775909598333335 116.29523185750001
39.7760534325 116.29568125305555
39.77621332527778 116.29675508416666
39.724229002777776 116.3466053125
39.74858276916667 116.4032663713889
39.79935694527777 116.34874600277777
39.72323693277777 116.31528071888889
39.72365407 116.31534263222223
39.72385233138889 116.31533289194445
39.723798755277784 116.31477615083334
39.72327081055556 116.31474989666667
39.72356339194444 116.31534054194445
39.78037235916666 116.29672738583334
39.78037234944444 116.29672039249999
39.7797087225 116.29621337472221
39.72387700555556 116.31533169944444
39.72349378138889 116.31477661000001
39.70196959638889 116.32528023055556
39.78095237916667 116.29799632361112
39.78070628305556 116.3424889313889
39.77923524472222 116.29547176833334
39.79867722 116.32848229861112
39.798793825555556 116.33066899638888
39.79880571611111 116.33074310305555
39.831797189166664 116.42826931194445
39.81299130916667 116.46694271805555
39.800104653055556 116.33108953972223
39.81257178805556 116.50699539916667
39.75942990611111 116.36386733500001
39.765188611944446 116.39535281166667
39.81386047527778 116.52928801055556
39.76466876472222 116.36058132916666
39.76499333305555 116.3935560113889
39.766914050833336 116.41116628527777
39.812821318055555 116.50669416527778
39.83178544916667 116.42881331944443
39.81236084472222 116.45609343805556
39.675102080833334 116.41276949805555
39.738211007222226 116.42669281083334
39.737783345833336 116.42822602472222
39.79512134861111 116.51302137194443
39.812448198055556 116.50531963916667
39.811852504722225 116.50812054055555
39.810896621666664 116.50996035416667
39.80965371138889 116.51247343472222
39.80482553472223 116.51713914555556
39.81343630361111 116.50754738138889
39.807761147777775 116.51374338583334
39.81086888861111 116.51179837472223
39.78723321416667 116.28819515972222
39.81255560583333 116.50969713194445
39.80190406027778 116.34936015666666
39.80190109916667 116.3493596561111
39.79434292916667 116.44541971250001
39.77624197638889 116.29671433916667
39.812499681944445 116.50593618138889
39.80935938138889 116.51418804638888
39.7650402625 116.38960853472223
39.687038322777774 117.45255196999999
39.717864929722225 117.32719952083333
39.71598747222222 117.32724512305555
39.71739926916667 117.32827141138888
39.72494335416666 117.29294048361112
39.72465113694444 117.32576697194445
39.717887052500004 117.31760022583333
39.71421203138889 117.3123266136111
39.71444993138889 117.31272951277778
39.726217496388884 117.28862183333334
39.72601571444444 117.2894051238889
39.487268745277774 117.51916387305556
39.487341548055554 117.51944723583333
39.71460023805556 117.3279872413889
39.71484609944444 117.32798030138889
39.7250563175 117.29218303416667
39.72703272277778 117.29186615638889
39.48722246083333 117.51909596916667
39.48731249972222 117.51923768750001
39.72325519444444 117.3126648236111
39.712638768055555 117.3046360025
39.708950082499996 117.3106513375
39.70547953305556 117.31354444027778
39.71103253638889 117.3423439325
39.711183981388885 117.31098563472223
39.789722837777774 117.21432585805556
39.714048313611116 117.311554195
39.72467266416667 117.32004354861111
39.720404110000004 117.31767554277778
39.72150802583334 117.31861513722222
39.72813876888888 117.32661916805556
39.70876670416667 117.31006361527777
39.708710224444445 117.31063457527779
39.72446148694444 117.32361688861111
39.72259100527778 117.33319029888888
39.71785167694444 117.32691124861111
39.7115088975 117.34392076861111
39.71819265944444 117.33456931416666
39.7173983275 117.32827141138888
39.75893037027778 117.53313581722223
39.73786623027778 117.29323566777776
39.7385504075 117.31261174222222
39.455410909166666 117.44766888583332
39.637354701944446 117.50595712277777
39.72198942194444 117.31904373138889
39.724965294722224 117.29280065916666
39.726239076944445 117.33691264583334
39.70902009583333 117.31066280249999
39.711386257499996 117.31100466777778
39.56828755694445 117.23398403527777
39.449415145555555 117.38206983777779
39.97152096777778 116.40124109305556
39.86008417916667 116.54976623888889
39.85978357472222 116.54986503638888
39.865370801944444 116.5450281525
39.86591146833334 116.54650296444446
39.86442934472222 116.54665870777778
39.86866421 116.53872638861111
39.87010450472223 116.53873003444446
39.900908137500004 116.60695712222223
39.86607863194444 116.53881371027776
39.86609268611111 116.53863896916667
39.86737520194444 116.53863255555555
39.90823143833333 116.60564799638888
39.9085032125 116.55240008972223
39.924400955 116.55901988638888
39.925683675277774 116.55893652805555
39.93959483305556 116.52301405916667
39.9398277775 116.52606503638889
39.94159245805555 116.55619565472222
40.01856724805556 116.35840938472224
40.02068159583334 116.45127318083333
39.86607369944444 116.53906042583334
39.87053784277778 116.53512555583333
39.86644881666667 116.54227966916666
39.87335064361111 116.54752794694444
39.85477633194444 116.49054985138888
39.86897196583333 116.53178809750001
39.8695375875 116.55561735416667
39.85695767861111 116.61669210027777
39.9056621375 116.62031578
39.84152637361112 116.60249371750001
39.95162338083333 116.52526918194444
39.9244376025 116.55959118138888
39.92441582722223 116.55888089166666
39.92441582722223 116.55888089166666
39.924409041388884 116.55949787694445
39.92418588444444 116.55107205666667
39.93921326 116.57136681305555
40.01397919861112 116.56470964527777
40.013656443888884 116.56475960750001
40.01382547638889 116.56362101027777
40.01340543583333 116.56593630527779
39.92409136472222 116.54718082972222
39.94155499722223 116.5567708536111
39.92487758666667 116.54814433805555
39.92405636027778 116.54847593305554
39.94083971777778 116.52854887583334
39.94084198611111 116.52833379861111
40.018567090833336 116.56196021805556
40.0183183725 116.5623848575
39.85589369416667 116.48451101416667
39.85459778027778 116.48947160194446
39.85496029805555 116.61898249250001
39.85483001944444 116.6188827475
39.82689897527778 116.4501659113889
39.954945144722224 116.47792295805556
39.9394479875 116.52894591027777
39.90865456611111 116.53239266472222
40.02148424638889 116.45091276777777
40.021574918055556 116.44946536083334
39.97152124555556 116.40124109305556
39.85928028388889 116.61150000944444
39.860309782222224 116.549837455
40.01328222027778 116.36678480305555
39.964293149166664 116.54764466444445
39.92497374472222 116.54924125805556
39.8524256125 116.47982552138889
39.92444882416667 116.53008328361112
40.01412671361111 116.56811012333333
40.073120054444445 116.59189111972223
40.01720570916667 116.5645631575
40.01732119361111 116.56242075138888
39.967211848055555 116.43925090694444
39.87036413611111 116.53671735916667
40.01228198194445 116.48394340083333
39.993666901944444 116.48176741916667
39.93970260472222 116.51834929527777
39.979070525833336 116.45265244527778
39.98032397944445 116.45392082638888
39.97906350472223 116.45902488805555
39.978657965555556 116.45965640972223
39.97481840416667 116.47092821472222
39.9283236125 116.46064746
39.97150929916667 116.40123720138888
39.83303718472222 116.43628099138888
39.83324730583333 116.434317445
40.01741836861112 116.36330917
39.91336980694444 116.4706101025
39.914202670277774 116.46915730194443
39.94940288388889 116.46357641805555
40.00645835500001 116.50459302805555
40.02971351805555 116.44262507055556
40.022465356944444 116.43584039277778
40.02240287805556 116.43488328555556
40.023115265 116.43226254194444
40.02238634472222 116.4352424436111
40.01863066333333 116.35851946194444
40.015878003888886 116.36140749472223
40.01881045305556 116.45227825416666
40.0203843575 116.45600813388889
40.01838931472223 116.45416098138888
40.020614816944445 116.45207732805555
40.020570348611116 116.45282325916666
40.02145828055556 116.45052784888888
40.026611736111114 116.4487479825
39.938914239166664 116.45463334972222
39.93731680861111 116.44968165861111
39.833472711388886 116.46550017916667
39.83352749861111 116.46487955888888
39.83335163527778 116.46723762027777
39.845727070833334 116.47137147138889
39.94079876694444 116.52446784305556
39.92970831527778 116.53991408555555
39.91378676666666 116.46872361583333
39.90455171861111 116.61317324972221
39.983598560833336 116.45503567916666
39.84829491111111 116.4829040875
39.85764345694444 116.48483258944445
39.95116058805556 116.5257546025
39.93960387472222 116.52248072527777
39.93926071777778 116.52136061027777
39.94017953138889 116.51987785888889
39.93945213083333 116.52078303583333
39.952853203055554 116.52505982027778
40.013756835277775 116.48021049083333
40.00395701694445 116.50300308083332
40.00640792555556 116.50388516277778
40.00648436722222 116.50468918916667
40.018335899166665 116.46656227555556
40.01191711944445 116.47104404722222
39.978655842222224 116.45218077361112
39.974706364166664 116.47089197138888
40.01417929527778 116.56629853861111
40.01417075083333 116.56736882361112
40.01707188444444 116.56666276611111
40.01595023722222 116.5668531375
40.01328448472222 116.5651895275
40.01294603861111 116.56867709805555
40.01255948722222 116.56676407027778
39.8761119425 116.50472238805555
39.87507116416666 116.5043140863889
39.907361774722226 116.51620741305555
40.013037033055554 116.56369523111111
40.01791202194445 116.56464697638889
40.01749649333333 116.56566314055556
39.892324746944446 116.53279222305555
39.95678147583333 116.4496036675
39.95658633111111 116.44873619722222
39.95737288138889 116.44866480111111
39.86348908527778 116.45307562333333
39.87446508694444 116.46025810194445
39.8331047425 116.46835853861111
39.897670033611114 116.49909205194444
39.83448083138889 116.46920439277777
39.86514614527778 116.54614778305556
39.86360169416667 116.54670097694445
39.867040980000006 116.54975770166666
39.91530650194444 116.56989518805555
39.97670803638889 116.45064588416668
40.00129371527778 116.4353615825
40.01852356861111 116.45311558305556
40.02255747916667 116.44898937305555
40.02181458805556 116.44742225750001
40.02120764194444 116.41838552972223
40.02012203694444 116.45191626583333
40.022690232222224 116.42015038416666
40.01710360972222 116.36021502416666
39.98289950027778 116.40802492916666
39.97186690861111 116.40152678833333
40.030145892499995 116.44235288694445
40.02256209111111 116.43436937611112
40.012073020833334 116.36449847694445
40.0134387475 116.36474078444444
39.89375366361111 116.54301698083333
39.94130824472222 116.56144624222222
39.935655339722224 116.55847124361111
39.8276642075 116.44910665638889
39.8325758375 116.500340225
40.02175865583334 116.44681885805555
39.93302618194444 116.45724290916667
39.933232366388886 116.4536054675
39.89280432527778 116.48486748888888
39.906058255277784 116.49176639694444
39.9589113325 116.48852861361111
39.95600144722223 116.46263259083334
39.968785018611115 116.46254736083333
39.94937128472222 116.45497223722224
39.949715061944445 116.4550365625
40.04180610583334 116.41386669111111
39.99061513583334 116.42367974833333
39.99090046861111 116.4236179
40.023118723888885 116.43670138194445
39.91605005694444 116.46051628527778
39.916136629722224 116.45440942666666
40.020551678333334 116.44922438972222
40.021765456388884 116.44837289472223
40.02156531 116.45017730416667
39.89947692138889 116.47685991472221
39.90427508944444 116.6121888575
39.90191892472222 116.60196839666666
39.9084189075 116.6056696513889
39.90467511083333 116.61255186722222
39.84812488055556 116.58886525944445
39.827445679722224 116.44958747749999
39.87181708805556 116.46203038027778
39.902539786944445 116.57706489055555
39.909738703888884 116.5948604725
39.8936755525 116.47136632138889
39.894276069722224 116.46230956916666
40.03239263138889 116.527573715
40.01726709472222 116.56646859861111
40.01825559805555 116.4536406163889
40.03065805861111 116.44847938472222
40.00223081694445 116.42018310583335
39.85617638027778 116.48825906472223
39.84937601083333 116.48677608305556
39.85566300972223 116.48806692416666
39.94071101527778 116.52680031305556
39.940609144722224 116.52559709194445
39.94078172416666 116.52498763555556
39.939825283888894 116.52567172027778
39.93983137638889 116.52577606972223
39.97462441472222 116.53994807527778
40.019031525833334 116.56136589361111
39.864296244722226 116.5435966475
39.866066118333336 116.54284790027778
39.86753039138889 116.5445428186111
39.86794139972223 116.54356247472222
39.871642518611104 116.54632285416666
39.8687234 116.5427641625
39.87372019083334 116.54630235416666
39.873431814166665 116.54631367249999
39.87206004805556 116.54632097027778
39.93918866138889 116.57264694583334
39.908709511388885 116.53075553138889
39.90640981027778 116.572529335
39.86080477583334 116.54970585083333
39.8607603575 116.5496897875
39.86062055861111 116.54967255416668
39.87208347805556 116.56080450583333
39.86954110972222 116.5551781725
39.86123303638889 116.54971339194445
39.86077763750001 116.54968778416666
39.8618432075 116.54956676583333
39.869535237499996 116.55588598861112
39.908958284166665 116.45086111444445
39.8332960875 116.43342683972222
39.833239356111115 116.43397906638889
39.915587370277784 116.53867591111111
39.94071644416667 116.52615843305556
39.93949988305556 116.52193907861111
40.02121728805556 116.45385409305555
40.02056393916667 116.45355725416667
39.9058432275 116.57264129722222
39.925627955277776 116.55844675361111
39.83349630583333 116.4678402125
39.8331314825 116.4635000025
39.83309679722222 116.46420928361111
39.83356209805555 116.46445472583333
39.833559512499995 116.4646114786111
39.83350649916667 116.46506954027778
39.833492023611115 116.46532017055556
39.83573734527778 116.46453644305555
40.0066475325 116.50564215083334
39.89988435361111 116.47687551027778
39.90927502388889 116.48144252416667
40.02058026416667 116.45242895916667
40.02039019972223 116.45141862305556
40.02141392527778 116.45153653333334
39.893485821944445 116.5214840488889
39.90725960305556 116.44175721527778
39.9397406825 116.52446022916666
39.94001531027778 116.5219917325
39.94108240083333 116.53071024416666
39.87306917944444 116.54748777583333
40.013801541944446 116.47980940277778
39.921172089722226 116.52049222
39.90246750472222 116.57729287194444
39.83319330055555 116.43489571611111
39.830781908611115 116.43301487583334
39.86816973138889 116.55538888000001
39.87313040916666 116.54631280194444
39.8694227 116.55753700361112
39.873877694166666 116.5478403263889
39.82650570138889 116.45066146527778
39.82532466916666 116.45356504138888
39.8850962975 116.47532511805557
39.91766298666667 116.48900129194445
39.944664663611114 116.45511705305555
39.941545885555556 116.55705632944444
40.01324509222222 116.56451307972222
40.01405240194445 116.56538394666667
40.01304073138889 116.56369477555555
40.01268243444445 116.36428120611112
40.0130397075 116.3650142975
40.01304840583333 116.3661547413889
40.01532624194444 116.36150801222222
40.013392494166666 116.36591017194445
39.863758938055554 116.4519900061111
39.92532735722222 116.55675084027777
39.86579434138889 116.4570656163889
39.92543597444444 116.55793399972222
39.93919351583333 116.57338970805556
39.93327558777778 116.44673775472222
40.02714212527778 116.44120496583332
40.024039969722224 116.52001085805556
40.01959902638889 116.35822424194444
40.013665734444444 116.36749419805555
39.99054381888889 116.41650241222223
39.847907676944445 116.48289905305556
39.84150418972222 116.49230817805555
39.910781756944445 116.59704170027779
39.84211696583333 116.4463181775
40.00493914472222 116.50343997194445
39.97376893861111 116.46821310638889
39.9151060475 116.45397095916667
39.909736002222225 116.59457365194444
40.013591991388886 116.56400403805556
40.01549493666666 116.56707857222221
40.030048746388886 116.52689439361112
39.949316799444446 116.46307482888888
39.95008907472222 116.46559462916667
39.9196106425 116.45864781611111
39.916047614166665 116.53730178972222
39.871603217222216 116.54673471305554
39.87279065694444 116.54631691194444
39.87238202305556 116.54631630416667
39.83558241527778 116.46557357583335
39.834737265277774 116.46919362833334
40.01780393138889 116.56327948111111
40.017276227777785 116.566570845
39.85798711527777 116.61657851
39.86908262416667 116.53033671416667
39.897502824444445 116.51963444805556
39.93965872583333 116.51787356027778
39.94003293916666 116.5193758075
39.84261649194444 116.60380672888888
39.83730836138889 116.47422206861111
40.035423708611106 116.41771344222222
39.17434182527777 117.14146655277777
39.138400831388886 116.2049779875
40.49802625916667 115.98448392638888
40.47422477305555 116.00835061861112
40.44955479916667 115.98206613777778
40.426282611388885 115.98230101861111
40.46415756305555 115.99952909805555
40.480949423333335 115.99165159805555
40.482064185 115.99244108083333
40.45452167472222 116.00564672861111
40.462762375833336 116.00001435194444
40.4650338175 115.998886175
40.47435150694445 116.00851960805555
40.48121517138889 115.9910348975
39.29353880638889 115.82486580555555
39.219695933055554 115.76818755555556
39.25748491416667 115.81055134583335
39.24659908444445 115.80818058055556
39.68376191805556 115.98424907972223
39.63847571972222 116.070347375
39.71992527416666 116.09958536805556
39.72150794583333 116.10343040416667
39.751038296388884 116.18193348916667
39.74927488638889 116.14135728361111
39.71993540361111 116.1022354875
39.72022286805556 116.10660567861112
39.72069062916667 116.10601999833332
39.7252402225 116.11388051944444
39.56991703027778 115.71849425416666
39.75103984305556 116.18222856027778
39.720296489999996 116.10430458527777
39.72067526694445 116.10610741083335
39.72120372972223 116.0996412413889
39.72068157416666 116.10520330416666
39.71593736027778 116.13333464083333
39.715116395277775 116.13229696527779
39.71888336833334 116.13572729805556
39.75185134416667 116.17488307555556
39.70662494388889 116.0160293938889
39.683758205000004 115.98434931777778
39.68375454861111 115.98446960361112
39.63872032166667 116.0717308563889
39.63897443527778 116.07067162972221
39.71992314222222 116.10214168583335
39.68385222361111 115.98372323638888
39.66321048972222 116.08740808694444
39.31902833805555 115.85583746944444
39.318882959999996 115.85574998583333
39.31877639611111 115.85567830194444
39.315870249999996 115.92172647305556
39.3378841825 115.8872210063889
39.3378735675 115.88725481638889
39.319661939166664 115.85620036027777
39.31912691638889 115.85589176361111
39.31355142305556 115.86562844583332
39.31491414472222 115.86125850583333
39.32516829361111 115.85963615027778
39.33583801444444 115.90460375972222
39.31865316166667 115.8555953813889
39.15664307416667 116.01279353083333
39.130058167499996 116.0462885186111
39.13004706916667 116.04830594277777
39.125081710277776 116.04048761
39.12528963583333 116.040487545
39.12583127083334 116.04048120027778
39.12670626972222 116.0404800725
39.12742017027778 116.0413937588889
39.12741943527778 116.04120472638888
39.127469489166664 116.04292268305556
39.12684357916667 116.04048383083334
39.12695645638889 116.04048550833333
39.127500462499995 116.04050677222223
39.127575290277775 116.04050764166666
39.12763338805556 116.04050850861111
39.127732199444445 116.04050768305555
39.12818359166667 116.0405247461111
39.12835407916667 116.0405349538889
39.335934477222224 115.90461120361111
39.337866275833335 115.88728479694444
39.336785070277784 115.90515717861112
39.336966485000005 115.9051735325
39.33836674416666 115.9055544275
39.15495202444445 116.01320179444446
39.126488619444444 116.04048430833333
39.12767512111111 116.04051021583334
39.34335241527778 115.86558815638888
39.342648600277776 115.87266249194444
39.41631129416667 115.93303865416667
39.44871147888889 115.96315521888889
39.56368476972222 115.99844871916666
39.56730587361111 116.00067839249999
39.47013232916666 115.96432626055555
39.47483710277778 115.96359395472223
39.47071915861111 115.96504894472223
39.47841930361111 115.96317730194444
39.47386653861111 115.96370809722222
39.46751179805556 115.96332984111112
39.46542098583333 115.96324247083334
39.48087758833333 115.96301442083333
39.4798039125 115.96301869694445
39.47811917 115.96380846888889
39.47976450638889 115.96300893972222
39.485310705833335 115.9683628525
39.48662188222222 115.96385596194445
39.481562150555554 115.96305211583334
39.48532635055556 115.96710985305556
39.48006397361111 115.9629821425
39.478573930833335 115.96315886055555
39.484336193055555 115.96341559972223
39.480769700833335 115.96297393083333
39.48535239333333 115.96541289944444
39.48401397361111 115.96338441861111
39.483797629166666 115.96335573083333
39.490213768055554 115.96494337666667
39.47383026055556 115.96372198527777
39.4710439675 115.96446028694444
39.47067758527778 115.9650397075
39.47022793361111 115.96434152027778
39.959235507222225 116.95051865694444
39.896063487777774 116.97350592027777
39.89582798138889 116.97364859611112
39.89586368583333 116.97363472722222
39.894334550555556 116.97428156166667
40.41087278472222 115.5405652886111
40.40664057472222 115.53949395416667
40.41988264916667 115.48260146916667
40.427563176111114 115.46553441444445
40.420468836666664 115.49981286972223
40.43482754027778 115.51702531666666
40.43187583694445 115.51719557805556
40.43597001194445 115.51698209222222
40.42489479694444 115.5182560288889
40.423339024166665 115.51968356138889
40.408111958333336 115.51633446916667
40.398165509722226 115.55699038666667
40.40903836194445 115.53777671027778
40.39466072305556 115.5712501275
40.405981937777774 115.53924958416667
40.406427397222224 115.53941610027778
40.40671271861111 115.53952419916668
40.410022536388894 115.53344002972223
40.41019577972222 115.50746533472221
40.43689381527778 115.44471031472223
40.403402615833336 115.53828243805555
39.41714914805556 116.30916665527778
39.408238245 116.31032612027778
39.41288978916666 116.30924407694445
39.41205385305556 116.3093615025
39.40683146805556 116.30989236444445
39.419047589722226 116.30830513666668
39.3935517225 116.31315992416667
39.405114733055555 116.31004547083333
39.404779544444445 116.3095309975
39.419326606944445 116.30826161083334
39.76544170611111 117.02726082583334
39.765997614444444 117.03131670916666
39.76630282861111 117.03452375972222
39.7661788525 117.03252983861111
39.76580960416667 117.03311862222223
39.764295885555555 117.00202127472222
39.76584043194445 117.03358793916668
39.49127631305555 116.72134170972221
39.48999795861111 116.72160317833334
39.49412740416666 116.72308994916668
39.49406561138888 116.72190279916666
39.51405964305555 116.68415131416667
39.46987201472222 116.68400983527778
39.51163057527778 116.70493469916667
39.493491165277774 116.71938331944445
39.32094649583333 116.83903916083332
39.494161339166666 116.72365705583333
39.49096169138889 116.69458282194445
39.51406955638889 116.68395771583333
39.967119080277776 116.84997522972222
39.97599676805556 117.01915660194445
39.944517143055556 116.8263131425
39.94185716583333 116.8152350425
39.98757634277778 117.07805434527778
39.941630224166666 116.81525560361112
39.98031591916667 117.05115109249999
39.99510343916666 117.1240046425
39.97578437027778 117.0185810936111
39.978866170555555 117.0261702775
39.9950540325 117.12382364916667
40.00091686694444 117.18734082638889
39.974627894722225 117.05239912416667
39.9497696125 116.88764145111111
39.98949630027778 117.08650814305555
39.98880886277778 117.08675766472223
39.1047206425 117.25584406833333
39.10733753638888 117.2429753163889
39.13558391472222 117.26776483472221
39.1393625925 117.26620374972222
39.14108809722222 117.26574389805555
39.1308033075 117.24459197305555
39.132281084166664 117.2577933875
39.14320369222222 117.24378234083332
39.12299508583333 117.25676625194446
39.142634377222215 117.24955494416668
39.1426019975 117.24958206861112
39.12978144555556 117.25884874027777
39.131434660555556 117.24426513805555
39.131296936944445 117.24459703472223
39.129059819722215 117.26059824527778
39.11735587138889 117.23892704083333
39.14536756305555 117.22209015638889
39.14244736805556 117.26576997527778
39.12933456527777 117.26071605305556
39.132265923611115 117.25793915749999
39.11761644916666 117.23870159638889
39.13115526083333 117.24441564388889
39.10022317805556 117.24377221333333
39.10009500027778 117.24353785083333
39.148905874166665 117.24382081694445
39.145436994444445 117.24377389111112
39.12906440416667 117.25583442083334
39.13178593194444 117.24438822611111
39.132280556944444 117.25779871972223
39.141069791666666 117.26575000027778
39.916458410277784 116.11286291694445
39.91660840027778 116.11286918916667
39.907063317222224 116.11267644638889
39.92470704861111 116.18255020027777
39.89790162916666 116.25078163972222
39.91692824638889 116.17949059472222
39.90851765861112 116.17633065527777
39.91468215472223 116.18386874027779
39.90943633055555 116.17632274638889
39.89267606055556 116.23212907638889
39.9163579475 116.17923015361112
39.90986644722222 116.2320809825
39.89757193777778 116.24632645916668
39.89783542805556 116.2473364425
39.91788084861111 116.18301574305555
39.91633127472222 116.18472710527777
39.91689229861111 116.18221537083333
39.9177807225 116.18115266416666
39.91833340861111 116.20096016416667
39.91820851666667 116.20094792416667
39.937309481944446 116.12088772388888
39.915572875277775 116.18216976611112
39.915148055277776 116.18384498083333
39.91494245361112 116.18386406611111
39.90954690416667 116.17631611361112
39.914793270277784 116.18386903194444
39.91554533777778 116.1833766325
39.91507776027778 116.18385217333334
39.91528676222222 116.18379707916667
39.91554873166667 116.18141550777777
39.90829626805556 116.17632563972222
39.914752175277776 116.18385933166667
39.897801971944446 116.25216148
39.897941555833334 116.24700304833333
39.89770627305556 116.24854934083334
39.936273173055554 116.11737846916665
39.91567325472222 116.1799389388889
39.91476862416666 116.17997254722223
39.91691243638889 116.18130857083334
39.91558837138889 116.18264703055556
39.91678719138889 116.18390420194446
39.91621934416667 116.18036662555555
39.91494245305555 116.18386434305556
39.91776626638889 116.18071445916667
39.904302095 116.21178721416668
39.93186376138888 116.13399383805555
39.91685367638889 116.17837292472223
39.91644257833333 116.17850305527779
39.91676100583333 116.18334826527777
39.89771589888889 116.24768365305556
39.95700980527778 116.38752701388889
39.919805241388886 116.34438959055556
39.968965150277775 116.39107778111111
39.92006580361111 116.344386285
39.95311125972223 116.38202884972222
39.92103317861111 116.3580498425
39.918189899999994 116.3621943775
39.87043237138889 116.3627258836111
39.9051584175 116.36150821972223
39.923306669166664 116.37705136722222
39.186525492777776 117.1728829486111
39.182079486944446 117.24167962583333
39.1475078075 117.224209425
39.14597428583333 117.22188072916667
39.179261932222225 117.24752588472222
39.146059459722224 117.22201199194444
39.14587901722222 117.22159129861112
39.12987392833333 117.13680740305556
39.12961729861111 117.14471796083333
39.11823157972222 117.13805782527777
39.13078337527777 117.14348247416666
39.13079050583333 117.1425558525
39.130108558055554 117.15294873694445
39.11742431027778 117.13586680222222
39.11778803527778 117.13774633777777
39.139162498055555 117.18480178722223
39.13083652333333 117.14101354694445
39.130109275833334 117.1509451211111
39.130109275833334 117.1509451211111
39.130149583055555 117.1390004713889
39.13007646194444 117.15320056361111
39.13013958305555 117.13899575305557
39.13009216361111 117.15243175416667
39.13078929805556 117.14574203583332
39.12836972805556 117.14909567083333
39.13008195472222 117.1464759538889
39.12983664861111 117.15092095555555
39.13008465805556 117.15226034972221
39.13014387138889 117.15103804194445
39.130109275833334 117.1509451211111
39.12996995111111 117.15340578583333
39.129982016666666 117.15091958722222
39.13084354333333 117.1525469511111
39.130135943055556 117.15112984805556
39.12885842666667 117.1585387036111
39.129133099166665 117.14473010500001
39.128080142777776 117.14873057472222
39.14501652916667 117.1352118236111
39.13036654555556 117.14555001555556
39.13078783361111 117.14503075694444
39.13007712527778 117.15210530777777
39.13648619305556 117.13944651805555
39.1316842675 117.13801090472222
39.11779021416666 117.13774040166668
39.13087182138889 117.14122108472222
39.12830152 117.1488460063889
39.11779963138889 117.13905765638889
39.118030570277774 117.13789463861112
39.115635884722224 117.14414655138889
39.13097277055556 117.13731130472223
39.130960135833334 117.1344734836111
39.130090850833334 117.15272741
39.129621603611106 117.15506576916667
39.14180966972222 117.1908273425
39.29678022472222 116.4785433725
39.292911446944444 116.47777207388889
39.319239348055554 116.48222560694444
39.316470128055556 116.48695609361111
39.316491982222225 116.4864156161111
39.31667302416667 116.48252299472222
39.320169978611105 116.48180817861112
39.31663596833334 116.48339085694444
39.31664189194445 116.48320533388889
39.29684425027777 116.47854987361112
39.327835271388885 116.49572113916666
