39.327070740833335 115.47906011972222
39.327034795833335 115.47905462805555
39.294864080833335 115.6123809525
39.29488137805556 115.61234025694445
40.341643733055555 116.83124432083333
40.383700114722224 116.89668509416667
40.49436805805555 117.17637827972221
40.630210750833335 117.25576677583332
40.630186958611105 117.25699833944445
40.38337770194444 116.89262958
40.39678679027778 116.96798973916665
40.39681322861111 116.96795699083333
40.49433305722222 117.1763902386111
40.55979788249999 117.15632332749999
40.56027857527778 117.15470161750001
40.56615044972222 117.15651990805556
40.566166477500005 117.15656263444446
40.566139328611115 117.15647508555556
40.5632592875 117.16160019277778
40.34169462361111 116.83122940527778
40.38366642555556 116.89670347805556
40.41645723777778 117.15515925472222
40.41648567527778 117.15518959972222
40.63501161805555 117.25614169305555
40.63316143833334 117.25452267694443
40.63500423638889 117.25655041888888
40.39357577972223 117.01247334972223
40.392282298055555 117.01345767083333
40.39016723916667 117.08850182972223
40.38931400861111 117.08868117055555
40.39764082111111 116.93758693805556
40.39565701083333 116.93803745416668
40.39855847027778 116.93742692027777
39.2167661575 116.92060175527779
39.21620194972222 116.92212457027777
39.219233526388884 116.92205564583332
39.175603941944445 116.9231624711111
39.485202674722224 116.92008962194446
39.5210431375 116.96358148972223
39.45475739861111 117.04935993111111
39.611092937222224 116.88828320722222
39.48523476472222 116.92012974861112
39.62981990944444 116.83892375472222
39.40478402083333 117.0935956425
39.454805075833335 117.04925498611111
39.259390241666665 116.93307512416666
39.25938052666667 116.93311983583334
39.52009379416667 116.91620164805556
39.40359610361111 117.09529406111112
39.38021607583334 117.19483076583333
39.3853064575 117.15084871888888
39.38026708305556 117.19480460083334
39.383951519722224 117.1502448563889
39.175605759722224 116.92320877361111
39.480148210277775 116.98624769916667
39.396407642777774 116.96162709166666
39.44794193027778 116.93085140583334
39.40855235861112 117.07694512027778
39.38459747027778 117.14872235972223
39.583396845833335 116.90841386305556
39.25808278555556 116.9326988038889
39.58463311138889 116.90776974638888
39.5200937675 116.91613330416666
39.58300518638889 116.9093582475
39.447870539166665 116.92915238972223
39.39639720444445 116.96158644222223
39.40412756861111 117.09273718194444
39.25809125361111 116.93265308194445
39.521040579166666 116.96365143805556
39.40855129472222 117.07701547444444
39.350097771388896 117.11416675555556
39.350139830277776 117.11407594861112
39.48018021194444 116.98630657472222
39.44559059027778 116.9311351286111
39.61104736972222 116.88824674888889
39.322255815277785 117.1627514336111
39.12220766388889 116.58168357083333
39.18935323444444 116.72684628305555
39.120675561388886 116.7243425836111
39.12064474138889 116.72431812972222
39.13057275472222 116.74861138166668
39.13040992194445 116.74668540361111
39.12921659444444 116.74681699972223
39.18934161333333 116.72691443472223
39.14560547138889 116.84671936861112
39.14556979638889 116.84671114805556
39.122176851666666 116.58165796944445
40.729484157499996 117.32102040805555
40.683540989166666 117.28182789194445
40.8285741275 117.38283972305557
40.684208220555554 117.28439553888889
40.82857557083334 117.38291094694445
40.68457929472223 117.28517812027778
40.685104745277776 117.28527915361111
40.729499671944446 117.32097773555556
40.84883061833334 117.47537338472222
40.84759447777778 117.47690530972223
40.84839374472222 117.47345818694446
40.6835060975 117.28181059250001
39.83642449027778 116.11664733194443
39.81498201416667 116.20934527
39.83952975472222 116.11681235027777
39.839418307500004 116.1181126775
39.84185134305556 116.21178183694444
39.84217818333333 116.21148686444445
39.859344094444445 116.13524279305557
39.8592926975 116.13522034472221
39.83044656277778 116.32815506138888
39.842781484722224 116.21014140083334
39.842870419166665 116.21023601138889
39.81182895638889 116.20595403222222
39.81087272944445 116.20398153138889
39.836738733055554 116.1156349886111
39.830900139444445 116.3378591863889
39.88681714027778 116.27446553916667
39.792118735833334 116.11615330694444
39.775078242499994 116.15907259583332
39.88743288638889 116.27389248861111
39.81270190666667 116.2067329375
39.81317769361111 116.20590642277777
39.79212019527778 116.11619994138889
39.77456964361111 116.15869899916666
39.476652843055554 116.4811104
39.50955533027778 116.50687837916668
39.47929111972223 116.4824377086111
39.47727055638889 116.47998934111112
39.591372229166666 116.77464062027776
39.59137699972222 116.77468781194445
39.50960932361111 116.50688359416667
40.238997884722224 116.5294424038889
40.20841211861111 116.50175106972222
40.12447623194444 116.55198968805556
40.04812582277778 116.58533894027778
40.14176590972222 116.59940063083333
40.14179290916666 116.599401925
40.08041357444444 116.63698309611111
40.03783611083334 116.70840598916668
40.030717448055555 116.75019921138889
40.03001024638889 116.74996826416667
40.12344515472222 116.56733439805555
40.04331377305555 116.57722067527779
40.11435155472223 116.62692232305555
40.11432522638889 116.6269302013889
40.05478901277778 116.65379875583334
40.040099034166666 116.68656226805555
40.03931194611111 116.68565749916667
40.04671395527778 116.80813380111111
40.04578092249999 116.8079242475
40.04478679861111 116.80455705805555
40.05251556277778 116.83200553333333
40.12249072083333 116.52728249694444
40.119819525277784 116.52271257416668
40.11985536638889 116.522707225
40.238964539166666 116.52946204249999
40.145703588055554 116.55473657388889
40.06393475805555 116.92449007416666
40.064324662222226 116.92815254333334
40.06366449555556 116.92890766083335
40.06328508944445 116.92529231305556
40.14507476083334 116.55096335555557
40.09258762027778 116.48221178611111
40.18309005861111 116.49213681027778
40.211087176388894 116.50042739527777
40.12224747305556 116.55635468916667
40.263123945277776 116.57881411388888
40.238378555277784 116.5329912725
40.21110475111111 116.500385325
40.09411188361111 116.4799881138889
40.054019465277776 116.83481136694444
40.04566238138889 116.80473259472222
40.03936163138889 116.61464020527778
40.05455026972222 116.65343458194444
40.12444020638889 116.55199041666667
40.14488030027778 116.55460861694445
40.145800382500006 116.55110729611111
40.092375716388894 116.48227459694445
40.052885276944444 116.83493005138888
40.08044844916667 116.63696425250001
40.03911987861112 116.61505343027778
40.23841399916667 116.53296796083333
40.263109604166665 116.57844123805556
40.123391265833334 116.5673398175
40.208400914722226 116.50179561416667
40.0941092175 116.47994155972222
40.03883796972222 116.70809462194444
40.18305064638889 116.49248049305557
40.12245484527778 116.52728695861111
40.12228343861111 116.55635738472222
39.806053624722225 116.64281882083333
39.74744927361111 116.56127516027777
39.751383185277774 116.57286602694444
39.75167156027778 116.5666392211111
39.91780008027778 116.63588949861112
39.917864916388886 116.63573170416667
39.761380603611116 116.56140410305555
39.934213803888895 116.76203632166667
39.93525298194445 116.76543346
39.93549759138889 116.76537436055557
39.804991988333335 116.64046038305555
39.755177019722225 116.57886647583334
39.950399981388884 116.70568971861111
39.864341472777774 116.7009999225
39.84089394138889 116.6674932025
39.817087628888885 116.5983448986111
39.95041404111111 116.7056443825
40.01127106361111 116.67814373333334
40.01257502666667 116.67798662583334
39.985619935277775 116.71034304361112
39.985558974722224 116.70947994472223
39.76045576666667 116.56192773527778
39.92612611138889 116.71135480694444
39.92593667888889 116.7111060161111
39.747905115833326 116.56090738361111
39.8171751275 116.59842910472223
39.81099468388889 116.64828208305556
40.022068251111115 116.62305422749999
40.02235677638889 116.62312207861112
39.8356834575 116.67958579305557
39.92584291972222 116.71101863166666
39.75626832305556 116.58471466249999
39.75135503027778 116.5729063675
39.75549811861111 116.57880040416667
39.7516442675 116.56667009583333
39.84148819888889 116.66983815194443
39.84040709083333 116.66898019194444
39.83871317333333 116.67711247305556
39.83874613583334 116.67715687138889
39.85536645666667 116.62285939027778
39.85533322472222 116.62286673638889
39.84178895916667 116.68347139416667
39.80648627277778 116.64233228305555
39.761288774722225 116.5624820325
39.93642849138889 116.76896419305555
39.936445471666666 116.76741923083333
39.93471311027778 116.76200129361112
39.88509282361111 116.70988716805556
39.926996455 116.73262107472222
39.92760232222222 116.73347528472223
39.86644759611111 116.70512311916667
39.80306014222222 116.83532541972222
39.80101685277778 116.84509519361112
39.801006826388885 116.84514477472221
39.80307341666666 116.83399079638889
39.643240552500004 116.81265889944444
39.64577953916666 116.80784391361111
39.64096034805556 116.81506117138889
39.6469782375 116.80597055972223
39.64272428805556 116.81336672027778
39.74065626027778 116.69735204472222
39.7396209625 116.69753321805555
39.88493566833333 116.71072053527779
39.926038957500005 116.71128552805557
39.817023015833335 116.77556416638889
39.81705791972222 116.77557679972222
39.80414646305555 116.83618625027778
39.870569288055556 116.70513883916666
39.870708433611114 116.70479795972221
39.80419608333333 116.64042683444445
39.733664822222224 116.70519827805555
39.733635302222226 116.70517029083334
39.80366957722222 116.87901320527779
39.8036513575 116.87906499083333
39.66527420805556 116.78177154805554
39.66307906472222 116.78502783416667
39.66157337472222 116.78557743638888
39.66442098222222 116.78163195138889
39.37190373138889 115.80235384583332
39.37187203972222 115.8023761663889
39.352520283611106 115.69918554333333
39.352510345 115.69908128861111
40.09812778166667 116.15697928222222
40.09667146916667 116.15217095888889
40.01281780527778 116.36151346527777
40.04556913527778 116.11806124222223
40.06229027416667 116.13637277138888
40.049383742500005 116.33313243444445
40.03484415027778 116.3442720111111
40.0452762225 116.33611147694445
40.062517146666664 116.13609309138889
40.07064666027778 116.14667539861111
40.0455948775 116.33678612305555
40.0348452375 116.34490161083333
40.07061186916667 116.14666237138889
40.09670622805555 116.15218331805555
40.099574419722224 116.15565170805556
40.02333117527778 116.34630771083333
40.04576354416667 116.11779012194445
40.04947119027778 116.33358230305556
39.2559635075 117.42863697722223
39.24506365805556 117.56428137861111
39.34202842611111 117.57702768583334
39.34352871472222 117.57723648472222
39.24916558305556 117.59246963527778
39.244978709722226 117.56428553777778
39.24572819416667 117.58946550305556
39.2563625575 117.42749051083334
39.33418516194445 117.44827828777778
39.33413909972222 117.44823992305555
39.24787810583333 117.59460448305556
39.34215503916666 117.57322355972222
39.25614016527778 117.42954832972222
40.06632297583334 117.28070299083333
39.907587221111115 117.35936182055556
40.0828993775 117.23862503694444
39.987937494166665 117.36561323416667
40.08587558638889 117.23904854527778
39.9879611425 117.36564970194445
39.975010535833334 117.35969779694445
40.029724563888884 117.36428408249999
40.079113316944444 117.23892391638888
40.06633454472222 117.28077178138889
40.078863533055554 117.23894131583333
40.08586971333334 117.2389785836111
39.90763705055555 117.35934893194444
39.97638219472222 117.3602004886111
39.97745213416667 117.359809125
40.02972478722222 117.36442579722222
39.16534248527778 117.3219925813889
39.165424707777774 117.32201968027779
39.22066206694445 117.48157089555555
39.10618602861111 117.3614909125
39.1479714875 117.47896639472224
39.1412253675 117.37931347333333
39.106136228611106 117.36146335444444
39.14786725972222 117.47892556194444
39.22070570472222 117.48152928527777
39.10860440583334 117.4246135675
39.13990680527778 117.38010062305555
39.140522365833334 117.38094757111111
39.18106873444445 117.25435720444445
39.10849467972222 117.42463442361111
39.181059639999994 117.25431242222221
40.27854886861111 116.64033480583333
40.278549060833335 116.63959614472223
40.273626649722225 116.67169916472221
40.270065591944444 116.63773065333334
40.27103893472222 116.63854402305554
40.27277604333334 116.67306295305555
40.077023276111106 117.0334161963889
40.078284226388895 117.03718962944444
40.068783795555554 117.00684346416666
40.085053000833334 117.07658267111111
40.13368057472222 117.19814192416668
40.07771781833333 117.03753011416667
40.07651511444444 117.03380933833333
40.085000594722224 117.07659975694443
40.11665737305555 117.14192792472222
40.117237809722226 117.14199663611112
40.09883934638889 117.11003138138888
40.133715297222224 117.19808617611112
40.1280519525 117.20275143972223
40.068778548055555 117.00689024861111
40.09884057138889 117.11010174583333
40.20535597027777 116.22630043472222
40.196489616111116 116.2312847813889
40.14470261916667 116.25985432
40.235925037499996 116.21297257083334
40.198105276944446 116.21295241805555
40.22014794638889 116.21778433472223
40.232877208055555 116.166626445
40.09754309472222 116.29640806972222
40.249959715277775 116.13363648250001
40.287706086111115 116.07731531638888
40.12914210694444 116.15782378194444
40.17410206416666 116.3223490863889
40.13124483361111 116.48435601166666
40.11794377361112 116.47746944972222
40.24715406111111 116.17814720305556
40.19812468916667 116.2130183875
40.16148500305555 116.40244509694445
40.161485688055556 116.40251049388888
40.31952414194445 116.0142442436111
40.27680187861111 116.08947681972222
40.12914328694445 116.15787058694445
40.20516706027778 116.22708593194444
40.224919974722226 116.19512542583333
40.18197320805555 116.2393363325
40.18069229416666 116.23737006861111
40.18047249805556 116.23926167305555
40.22011332305556 116.21837798527778
40.111642081666666 116.28268164277779
40.11140087222222 116.28226078527777
40.070044986388886 116.31704090166667
40.06674696583333 116.32046779527778
40.059755519166664 116.32581390416667
40.05958801861111 116.3251283363889
40.17441108444444 116.32236946916667
40.09130270361111 116.30135424027777
40.09727585861111 116.29582625916666
40.09104625166667 116.30075456416667
40.163393953611106 116.18404771583333
40.16342915527778 116.18403736083333
40.23593774 116.21290402083332
40.17097127611111 116.32894744916668
40.17093292111111 116.32894627916667
40.07335218361111 116.31533413583334
40.071412880555556 116.31609806166666
40.07171907805556 116.31660462277777
40.13125794861111 116.48439955972222
40.117997432500005 116.47748189916666
40.13110336527778 116.48334633694444
40.28768774777778 116.07727205916667
40.24713901861111 116.17807940555555
40.23319797222222 116.16722616361112
40.258415570277776 116.18159895944444
40.25841544972223 116.18166930694446
40.144427998888894 116.25927353361111
40.22514815583334 116.19645993694445
40.2502091375 116.13817712194445
40.128879463611106 116.48467927805555
40.138561126388886 116.26485162972222
40.138157658888886 116.2644474736111
40.19640933583334 116.23059009527778
40.129112083611105 116.48284161916668
39.23237702972222 117.06779663138889
39.23017087861111 117.05145455
39.230220288611115 117.05143396777778
39.28509124361111 117.01831346472223
39.27107809 117.29615359638889
39.319506053611114 117.15931950583332
39.233540149722224 117.29180512305557
39.235595096944444 117.36265184444444
39.30789546694444 117.09996920222223
39.322235928055555 117.1587100386111
39.21115545916667 117.22445492138888
39.21590628305555 117.21640900916667
39.34121494527778 117.21004914416666
39.28514359527777 117.01829594055556
39.34126053027778 117.20999308694445
39.23524535694444 117.29199219361111
39.23410437583333 117.29267152638889
39.21114764805556 117.22441056194445
39.235676060833335 117.36266029444444
39.235255854722226 117.29192195472221
39.271131688055554 117.29614096694445
39.30793821694444 117.10001317472224
39.21591614888889 117.21647709416666
39.594880666111116 116.32787103694444
39.73566451972222 116.49673680138889
39.727208699722226 116.46884857194445
39.53467551194444 116.32468988472222
39.695304425277776 116.31567246916667
39.671505137222226 116.32476318027777
39.72615410694444 116.46023811416667
39.72574105305556 116.46024690583334
39.792706790833336 116.46225095472222
39.741290281944444 116.52592648611112
39.809171014444445 116.51996575111112
39.82664848694444 116.51847006083334
39.82693472138889 116.51830912166666
39.55450175194444 116.3241560713889
39.554435745 116.3247715388889
39.53468923361111 116.32520124027778
39.610959247222226 116.32640497444444
39.65475647638889 116.32347906472224
39.757723792499995 116.34400957694444
39.745123005833335 116.34492232305556
39.77731584583333 116.34156545694444
39.745594277500004 116.34437431527778
39.7267746275 116.4689046525
39.76641293583334 116.34197121777777
39.76693623083333 116.34264413694444
39.720944081388886 116.41266129916666
39.50360102194445 116.29469047694444
39.50371019138889 116.29516228527778
39.691096262222224 116.27520572083333
39.718110064166666 116.34401708805555
39.50957308638888 116.2954669625
39.77684905416667 116.36810951055556
39.78076453638889 116.34425633527778
39.77830162555556 116.34571011083334
39.75738362638889 116.34339918361111
39.69813981888888 116.31578690305555
39.69819051527778 116.31576099083334
39.776877265277776 116.36912483638888
39.79773417722222 116.34730810305555
39.797823792500004 116.34704349472221
39.79770270444445 116.3466402525
39.73548941999999 116.49733165916666
39.79243182083333 116.46238504138888
39.68334477472222 116.32693875694444
39.682090037777776 116.32612927805556
39.6897145775 116.28996611583332
39.65474418527778 116.32396513305557
39.63831535972222 116.32369787138889
39.63840748138889 116.3242536775
39.69085655583333 116.27468626694444
39.74186374027778 116.52573227583333
39.50324485138889 116.29494281388888
39.51250262888889 116.29544186722222
39.51257990861111 116.29447056527778
39.61100673055555 116.32688785027777
39.594923725 116.32731681027778
39.80929979277778 116.52010058305557
39.659693458611116 116.67696176444444
39.65969130138889 116.67700831083333
39.72060512638888 116.40557772027778
39.718257548333334 116.34437339361112
39.79785022972222 116.34780600305557
39.695368099722224 116.31564468583333
39.671509705 116.32446171472222
39.77820898194444 116.34374171277778
39.72134227694445 116.4126179686111
39.509492611944445 116.29436912777777
39.689768094166666 116.28995643111111
39.720980105833334 116.40570882638889
39.73416934888889 117.57590073472223
39.733397769722224 117.57351783305555
39.761638309999995 117.33717958277778
39.7711699575 117.28238664027778
39.60351601861111 117.34090530388889
39.544885812222226 117.36067204583333
39.54572058750001 117.36067354583334
39.54571924361111 117.36062696027778
39.66412482361111 117.34845338527778
39.60381876722222 117.34182633083333
39.682779813611106 117.52465447750001
39.77119265583333 117.28232292361112
39.73078323805555 117.39417082583333
39.730749825277776 117.39415045527778
39.57355229583334 117.56412391138889
39.761651872777776 117.33687995138888
39.423491704722224 117.39513453527778
39.72545794944445 117.51053294333333
39.765972308888884 117.4017475536111
39.766052245000004 117.40168880805555
39.746310675833335 117.36988373694444
39.73503152805556 117.56020177861112
39.733315177222224 117.57665386194444
39.544886543888886 117.36062855694445
39.68247147305556 117.52654134583332
39.735005388611114 117.56013921916666
39.684870849722216 117.52452155305556
39.60471484805556 117.34060670916666
39.76143537111111 117.33655656694444
39.57368538888889 117.56416567583334
39.70550627083333 117.52707896555556
39.725350891111106 117.51055652250001
39.66417815083333 117.34853179583334
39.7462689125 117.36983706694444
39.705539691666665 117.52706140416666
39.423523394166665 117.39511288861112
40.035408948055554 116.4738712625
39.905847368888885 116.61854720138888
39.88746420305555 116.54790291083333
40.0228155025 116.35965141194444
40.025045919166665 116.35302832694444
40.01370098388889 116.4849367625
40.01398851972222 116.48285050527778
39.95179404305555 116.48997397055555
39.951886969722224 116.48954031305556
40.05546551027778 116.48286759805555
40.036616306666666 116.4750685375
40.01774684888889 116.52013804361111
40.059874218055555 116.48357721694444
40.0600296225 116.4813749986111
39.909824826666664 116.57176536416667
40.02650744555555 116.54851910361111
39.90954795638889 116.59120623472222
39.90941623916667 116.59597382861111
39.86820332888889 116.57790458194444
39.86729627361111 116.57798006916666
39.86788653583333 116.5796063786111
39.86675637194445 116.57797144694445
39.906259588611114 116.61851404083333
39.88764134583334 116.54834854472222
39.841235051944444 116.47720598555554
39.856979962222226 116.4624584325
39.87167104305556 116.48870400916667
40.01374753972222 116.36134301916667
40.01289875972222 116.36168033416666
39.86765911 116.57960634861111
39.90895549361112 116.59628569583333
39.90939623194444 116.57190008083333
40.05370946777778 116.59034174055556
40.035474174444445 116.47380780083333
40.06002893694444 116.48132830083333
40.05400160638889 116.48221822777778
40.05988662472222 116.4836211825
40.385239714722225 116.0859742986111
40.35838526916667 115.89450323305554
40.358602608055556 115.89484896555555
40.36226359583333 115.98036565777778
40.37277918972222 115.95237841638888
40.3727677075 115.95242258916667
40.372717200555556 115.95255301305555
40.38514713027778 116.08543624972224
40.38515916138889 116.08546792527777
40.361054303888885 115.90823109805555
40.37211096194444 115.95234359527778
40.3580509775 115.89705913805555
40.359593724722224 115.98757544083333
40.334872266111105 116.03885950361112
40.35872887138889 115.89306490444444
40.3611260825 115.90833082638889
40.36104266638888 115.9082744436111
39.16179096583333 115.56539506027778
39.137752086944445 115.5413917263889
39.159860699999996 115.56598029777778
39.23848019138889 115.86746040138888
39.16161184305555 115.5669379725
39.23848120805555 115.86750571861111
39.137739988611116 115.5413480425
39.7213427375 116.1087028225
39.72063125472222 116.1091679688889
39.724009558055556 116.11152108638889
39.72896172138889 116.1116979725
39.68048157944444 116.08796039305557
39.644744171944446 116.07761119111112
39.753159448055555 116.14086264166667
39.75384671833333 116.14021661805555
39.597018686944445 116.06033613527778
39.65729330972222 116.07731671583333
39.65708780166666 116.0780425425
39.62980495916666 116.08143705777778
39.599270991388885 116.06245683249999
39.73032877777778 116.09230439527778
39.69964918416667 116.1509316475
39.69968518472223 116.15093357583333
39.72001091305555 116.11074172583332
39.722183095 116.1113357536111
39.73028688944444 116.09234853138888
39.72329811583333 116.10992068944444
39.765459943888885 116.09963834083334
39.765483302777774 116.09971454916668
39.772822456944446 116.16794526694444
39.756051907499995 116.14299774416668
39.75474263333333 116.14307552055556
39.69513804638889 116.21120717083333
39.62950945194444 116.07968683694445
39.64534218138889 116.07648240166667
39.59951061694445 116.0617027625
39.6275142475 116.08056742583334
39.697076243611114 116.21145931999999
39.697112268055555 116.21146022305555
39.695102016944446 116.21120661972222
39.77311922833333 116.16821337861111
39.75759588666667 116.14534594694445
39.597220150277785 116.0595184475
39.3123799875 115.92948491861111
39.309190735 115.93127416861111
39.30916917194444 115.93132045916667
39.31241611916666 115.92948507138888
39.39858916861111 116.06426637388888
39.39864147611111 116.06424874833334
39.399173275833334 115.879239245
39.39680537416667 115.91935231861112
39.39481904694444 115.8581447411111
39.39678498194445 115.91932877638888
39.39543580944444 115.85526995083333
39.483485350277775 116.04350311027778
39.48349954472223 116.04344675472223
39.4856966975 116.0410241211111
39.48570024805556 116.04097509555555
39.54814600444444 116.04288777805556
39.54820299027778 116.04288834638889
39.5302084425 115.97482768277779
39.53019400694445 115.97489556138889
39.55736075083333 116.03876329027777
39.557368609166666 116.03883285527778
39.4666488025 116.03651774027777
39.46609228444444 116.03730366694445
39.46493224555555 116.03670020583333
39.39659981361111 115.85752947249999
39.399137386944446 115.87924523083333
40.444904780277774 115.76637467861111
40.43891870583333 115.76261143888888
40.42771291472222 115.5154745186111
40.34740885638889 115.67584985194445
40.331872086388884 115.81195446222222
40.32762266583333 115.80630540583333
40.32765889777777 115.80630823027778
40.42766037611111 115.51545760944445
40.44495639972222 115.76635661750001
40.43893568083333 115.76265431833333
40.386443954722225 115.59703084444445
40.386496918055556 115.5970527438889
40.39062474972222 115.65440192111112
40.38936497583334 115.65446844638889
40.39777919138889 115.55778920805555
40.38986588638889 115.46010321472222
40.34682868805555 115.67582775694444
40.347017601666664 115.67367102472221
40.38971118083334 115.65069857916667
40.389841428055554 115.46016615805556
39.2759340025 116.29188078027778
39.39359440583333 116.21547811416667
39.423115016388884 116.41102424638889
39.47875814722222 116.2850440675
39.45435172083333 116.28295159305556
39.45430348972222 116.28302336305556
39.46195721083333 116.30991491333334
39.461955137222226 116.30984510555557
39.39198011055556 116.21567167694444
39.42307985694444 116.4110387036111
39.15738826361111 116.2951948163889
39.38521304472222 116.31709594972222
39.231797281944445 116.30045109111111
39.231787995277784 116.30051197555555
39.15749568361111 116.29521230916667
39.27598597972222 116.29077651194444
39.38524207305555 116.31706840777778
39.39271060861111 116.21957382083333
39.4008281975 116.16393591527779
39.27293610861111 116.29110927166666
39.40085936027778 116.16391007027778
39.79471251472222 116.99854390805555
39.7960692875 117.0086122475
39.79603419888889 117.01161711944445
39.79733142916667 117.00907190583332
39.794746768888885 116.99852455194444
39.794780215833335 116.9985052613889
39.79696656888889 117.00894705805555
39.79468110194444 116.99856597638889
39.79611498083333 117.01163486777777
39.15315922 116.85584816916666
39.15279385694444 116.85617059472223
39.153856239999996 116.85543201583334
39.15321885666667 116.85582340083334
39.89155980305556 116.15043932333333
39.9944110825 116.09254974888889
39.994375276388894 116.09261172694445
39.891575718055556 116.15038500805555
39.93441472666666 116.12150688722222
39.89705384166666 116.24486561833332
39.93433646388889 116.12130476805557
39.24011446527778 116.60373522916666
39.240529278333334 116.60568400250001
39.242742273055555 116.60382613527777
39.35552737222222 116.55671366138888
39.213736089444446 116.60755077333333
39.21374306027778 116.6074468436111
39.35558505694444 116.55683753916666
